0.0 0.0 0.0 0.0 0.0 0.0 0.0 0.0 0.0 0.0 0.0 0.0 0.0 0.0 0.0 0.0 0.0 0.0 0.0 0.0 0.0 0.0 0.0 0.0 0.0 0.0 0.0 0.0 0.0 0.0 0.0 0.0 0.0 0.0 0.0 0.0 0.0 0.0 0.0 0.0 0.0 0.0 0.0 0.0 0.0 0.0 0.0 0.0 0.0 0.0 0.0 0.0 0.0 0.0 0.0 0.0 0.0 0.0 0.0 0.0 0.0 0.0 0.0 0.0 0.0 0.0 0.0 0.0 0.0 0.0 0.0 0.0 0.0 0.0 0.0 0.0 0.0 0.0 0.0 0.0 0.0 0.0 0.0 0.0 0.0 0.0 0.0 0.0 0.0 0.0 0.0 0.0 0.0 0.0 0.0 0.0 0.0 0.0 0.0 0.0 0.0 0.0 0.0 0.0 0.0 0.0 0.0 0.0 0.0 0.0 0.0 0.0 0.0 0.0 0.0 0.0 0.0 0.0 0.0 0.0 0.0 0.0 0.0 0.0 0.0 0.0 0.0 0.0
0.0 0.0 0.0 0.0 0.0 0.0 0.0 0.0 0.0 0.0 0.0 0.0 0.0 0.0 0.0 0.0 0.0 0.0 0.0 0.0 0.0 0.0 0.0 0.0 0.0 0.0 0.0 0.0 0.0 0.0 0.0 0.0 0.0 0.0 0.0 0.0 0.0 0.0 0.0 0.0 0.0 0.0 0.0 0.0 0.0 0.0 0.0 0.0 0.0 0.0 0.0 0.0 0.0 0.0 0.0 0.0 0.0 0.0 0.0 0.0 0.0 0.0 0.0 0.0 0.0 0.0 0.0 0.0 0.0 0.0 0.0 0.0 0.0 0.0 0.0 0.0 0.0 0.0 0.0 0.0 0.0 0.0 0.0 0.0 0.0 0.0 0.0 0.0 0.0 0.0 0.0 0.0 0.0 0.0 0.0 0.0 0.0 0.0 0.0 0.0 0.0 0.0 0.0 0.0 0.0 0.0 0.0 0.0 0.0 0.0 0.0 0.0 0.0 0.0 0.0 0.0 0.0 0.0 0.0 0.0 0.0 0.0 0.0 0.0 0.0 0.0 0.0 0.0
0.0 0.0 0.0 0.0 0.0 0.0 0.0 0.0 0.0 0.0 0.0 0.0 0.0 0.0 0.0 0.0 0.0 0.0 0.0 0.0 0.0 0.0 0.0 0.0 0.0 0.0 0.0 0.0 0.0 0.0 0.0 0.0 0.0 0.0 0.0 0.0 0.0 0.0 0.0 0.0 0.0 0.0 0.0 0.0 0.0 0.0 0.0 0.0 0.0 0.0 0.0 0.0 0.0 0.0 0.0 0.0 0.0 0.0 0.0 0.0 0.0 0.0 0.0 0.0 0.0 0.0 0.0 0.0 0.0 0.0 0.0 0.0 0.0 0.0 0.0 0.0 0.0 0.0 0.0 0.0 0.0 0.0 0.0 0.0 0.0 0.0 0.0 0.0 0.0 0.0 0.0 0.0 0.0 0.0 0.0 0.0 0.0 0.0 0.0 0.0 0.0 0.0 0.0 0.0 0.0 0.0 0.0 0.0 0.0 0.0 0.0 0.0 0.0 0.0 0.0 0.0 0.0 0.0 0.0 0.0 0.0 0.0 0.0 0.0 0.0 0.0 0.0 0.0
0.0 0.0 0.0 0.0 0.0 0.0 0.0 0.0 0.0 0.0 0.0 0.0 0.0 0.0 0.0 0.0 0.0 0.0 0.0 0.0 0.0 0.0 0.0 0.0 0.0 0.0 0.0 0.0 0.0 0.0 0.0 0.0 0.0 0.0 0.0 0.0 0.0 0.0 0.0 0.0 0.0 0.0 0.0 0.0 0.0 0.0 0.0 0.0 0.0 0.0 0.0 0.0 0.0 0.0 0.0 0.0 0.0 0.0 0.0 0.0 0.0 0.0 0.0 0.0 0.0 0.0 0.0 0.0 0.0 0.0 0.0 0.0 0.0 0.0 0.0 0.0 0.0 0.0 0.0 0.0 0.0 0.0 0.0 0.0 0.0 0.0 0.0 0.0 0.0 0.0 0.0 0.0 0.0 0.0 0.0 0.0 0.0 0.0 0.0 0.0 0.0 0.0 0.0 0.0 0.0 0.0 0.0 0.0 0.0 0.0 0.0 0.0 0.0 0.0 0.0 0.0 0.0 0.0 0.0 0.0 0.0 0.0 0.0 0.0 0.0 0.0 0.0 0.0
0.0 0.0 0.0 0.0 0.0 0.0 0.0 0.0 0.0 0.0 0.0 0.0 0.0 0.0 0.0 0.0 0.0 0.0 0.0 0.0 0.0 0.0 0.0 0.0 0.0 0.0 0.0 0.0 0.0 0.0 0.0 0.0 0.0 0.0 0.0 0.0 0.0 0.0 0.0 0.0 0.0 0.0 0.0 0.0 0.0 0.0 0.0 0.0 0.0 0.0 0.0 0.0 0.0 0.0 0.0 0.0 0.0 0.0 0.0 0.0 0.0 0.0 0.0 0.0 0.0 0.0 0.0 0.0 0.0 0.0 0.0 0.0 0.0 0.0 0.0 0.0 0.0 0.0 0.0 0.0 0.0 0.0 0.0 0.0 0.0 0.0 0.0 0.0 0.0 0.0 0.0 0.0 0.0 0.0 0.0 0.0 0.0 0.0 0.0 0.0 0.0 0.0 0.0 0.0 0.0 0.0 0.0 0.0 0.0 0.0 0.0 0.0 0.0 0.0 0.0 0.0 0.0 0.0 0.0 0.0 0.0 0.0 0.0 0.0 0.0 0.0 0.0 0.0
0.0 0.0 0.0 0.0 0.0 0.0 0.0 0.0 0.0 0.0 0.0 0.0 0.0 0.0 0.0 0.0 0.0 0.0 0.0 0.0 0.0 0.0 0.0 0.0 0.0 0.0 0.0 0.0 0.0 0.0 0.0 0.0 0.0 0.0 0.0 0.0 0.0 0.0 0.0 0.0 0.0 0.0 0.0 0.0 0.0 0.0 0.0 0.0 0.0 0.0 0.0 0.0 0.0 0.0 0.0 0.0 0.0 0.0 0.0 0.0 0.0 0.0 0.0 0.0 0.0 0.0 0.0 0.0 0.0 0.0 0.0 0.0 0.0 0.0 0.0 0.0 0.0 0.0 0.0 0.0 0.0 0.0 0.0 0.0 0.0 0.0 0.0 0.0 0.0 0.0 0.0 0.0 0.0 0.0 0.0 0.0 0.0 0.0 0.0 0.0 0.0 0.0 0.0 0.0 0.0 0.0 0.0 0.0 0.0 0.0 0.0 0.0 0.0 0.0 0.0 0.0 0.0 0.0 0.0 0.0 0.0 0.0 0.0 0.0 0.0 0.0 0.0 0.0
0.0 0.0 0.0 0.0 0.0 0.0 0.0 0.0 0.0 0.0 0.0 0.0 0.0 0.0 0.0 0.0 0.0 0.0 0.0 0.0 0.0 0.0 0.0 0.0 0.0 0.0 0.0 0.0 0.0 0.0 0.0 0.0 0.0 0.0 0.0 0.0 0.0 0.0 0.0 0.0 0.0 0.0 0.0 0.0 0.0 0.0 0.0 0.0 0.0 0.0 0.0 0.0 0.0 0.0 0.0 0.0 0.0 0.0 0.0 0.0 0.0 0.0 0.0 0.0 0.0 0.0 0.0 0.0 0.0 0.0 0.0 0.0 0.0 0.0 0.0 0.0 0.0 0.0 0.0 0.0 0.0 0.0 0.0 0.0 0.0 0.0 0.0 0.0 0.0 0.0 0.0 0.0 0.0 0.0 0.0 0.0 0.0 0.0 0.0 0.0 0.0 0.0 0.0 0.0 0.0 0.0 0.0 0.0 0.0 0.0 0.0 0.0 0.0 0.0 0.0 0.0 0.0 0.0 0.0 0.0 0.0 0.0 0.0 0.0 0.0 0.0 0.0 0.0
0.0 0.0 0.0 0.0 0.0 0.0 0.0 0.0 0.0 0.0 0.0 0.0 0.0 0.0 0.0 0.0 0.0 0.0 0.0 0.0 0.0 0.0 0.0 0.0 0.0 0.0 0.0 0.0 0.0 0.0 0.0 0.0 0.0 0.0 0.0 0.0 0.0 0.0 0.0 0.0 0.0 0.0 0.0 0.0 0.0 0.0 0.0 0.0 0.0 0.0 0.0 0.0 0.0 0.0 0.0 0.0 0.0 0.0 0.0 0.0 0.0 0.0 0.0 0.0 0.0 0.0 0.0 0.0 0.0 0.0 0.0 0.0 0.0 0.0 0.0 0.0 0.0 0.0 0.0 0.0 0.0 0.0 0.0 0.0 0.0 0.0 0.0 0.0 0.0 0.0 0.0 0.0 0.0 0.0 0.0 0.0 0.0 0.0 0.0 0.0 0.0 0.0 0.0 0.0 0.0 0.0 0.0 0.0 0.0 0.0 0.0 0.0 0.0 0.0 0.0 0.0 0.0 0.0 0.0 0.0 0.0 0.0 0.0 0.0 0.0 0.0 0.0 0.0
0.0 0.0 0.0 0.0 0.0 0.0 0.0 0.0 0.0 0.0 0.0 0.0 0.0 0.0 0.0 0.0 0.0 0.0 0.0 0.0 0.0 0.0 0.0 0.0 0.0 0.0 0.0 0.0 0.0 0.0 0.0 0.0 0.0 0.0 0.0 0.0 0.0 0.0 0.0 0.0 0.0 0.0 0.0 0.0 0.0 0.0 0.0 0.0 0.0 0.0 0.0 0.0 0.0 0.0 0.0 0.0 0.0 0.0 0.0 0.0 0.0 0.0 0.0 0.0 0.0 0.0 0.0 0.0 0.0 0.0 0.0 0.0 0.0 0.0 0.0 0.0 0.0 0.0 0.0 0.0 0.0 0.0 0.0 0.0 0.0 0.0 0.0 0.0 0.0 0.0 0.0 0.0 0.0 0.0 0.0 0.0 0.0 0.0 0.0 0.0 0.0 0.0 0.0 0.0 0.0 0.0 0.0 0.0 0.0 0.0 0.0 0.0 0.0 0.0 0.0 0.0 0.0 0.0 0.0 0.0 0.0 0.0 0.0 0.0 0.0 0.0 0.0 0.0
0.0 0.0 0.0 0.0 0.0 0.0 0.0 0.0 0.0 0.0 0.0 0.0 0.0 0.0 0.0 0.0 0.0 0.0 0.0 0.0 0.0 0.0 0.0 0.0 0.0 0.0 0.0 0.0 0.0 0.0 0.0 0.0 0.0 0.0 0.0 0.0 0.0 0.0 0.0 0.0 0.0 0.0 0.0 0.0 0.0 0.0 0.0 0.0 0.0 0.0 0.0 0.0 0.0 0.0 0.0 0.0 0.0 0.0 0.0 0.0 0.0 0.0 0.0 0.0 0.0 0.0 0.0 0.0 0.0 0.0 0.0 0.0 0.0 0.0 0.0 0.0 0.0 0.0 0.0 0.0 0.0 0.0 0.0 0.0 0.0 0.0 0.0 0.0 0.0 0.0 0.0 0.0 0.0 0.0 0.0 0.0 0.0 0.0 0.0 0.0 0.0 0.0 0.0 0.0 0.0 0.0 0.0 0.0 0.0 0.0 0.0 0.0 0.0 0.0 0.0 0.0 0.0 0.0 0.0 0.0 0.0 0.0 0.0 0.0 0.0 0.0 0.0 0.0
0.0 0.0 0.0 0.0 0.0 0.0 0.0 0.0 0.0 0.0 0.0 0.0 0.0 0.0 0.0 0.0 0.0 0.0 0.0 0.0 0.0 0.0 0.0 0.0 0.0 0.0 0.0 0.0 0.0 0.0 0.0 0.0 0.0 0.0 0.0 0.0 0.0 0.0 0.0 0.0 0.0 0.0 0.0 0.0 0.0 0.0 0.0 0.0 0.0 0.0 0.0 0.0 0.0 0.0 0.0 0.0 0.0 0.0 0.0 0.0 0.0 0.0 0.0 0.0 0.0 0.0 0.0 0.0 0.0 0.0 0.0 0.0 0.0 0.0 0.0 0.0 0.0 0.0 0.0 0.0 0.0 0.0 0.0 0.0 0.0 0.0 0.0 0.0 0.0 0.0 0.0 0.0 0.0 0.0 0.0 0.0 0.0 0.0 0.0 0.0 0.0 0.0 0.0 0.0 0.0 0.0 0.0 0.0 0.0 0.0 0.0 0.0 0.0 0.0 0.0 0.0 0.0 0.0 0.0 0.0 0.0 0.0 0.0 0.0 0.0 0.0 0.0 0.0
0.0 0.0 0.0 0.0 0.0 0.0 0.0 0.0 0.0 0.0 0.0 0.0 0.0 0.0 0.0 0.0 0.0 0.0 0.0 0.0 0.0 0.0 0.0 0.0 0.0 0.0 0.0 0.0 0.0 0.0 0.0 0.0 0.0 0.0 0.0 0.0 0.0 0.0 0.0 0.0 0.0 0.0 0.0 0.0 0.0 0.0 0.0 0.0 0.0 0.0 0.0 0.0 0.0 0.0 0.0 0.0 0.0 0.0 0.0 0.0 0.0 0.0 0.0 0.0 0.0 0.0 0.0 0.0 0.0 0.0 0.0 0.0 0.0 0.0 0.0 0.0 0.0 0.0 0.0 0.0 0.0 0.0 0.0 0.0 0.0 0.0 0.0 0.0 0.0 0.0 0.0 0.0 0.0 0.0 0.0 0.0 0.0 0.0 0.0 0.0 0.0 0.0 0.0 0.0 0.0 0.0 0.0 0.0 0.0 0.0 0.0 0.0 0.0 0.0 0.0 0.0 0.0 0.0 0.0 0.0 0.0 0.0 0.0 0.0 0.0 0.0 0.0 0.0
0.0 0.0 0.0 0.0 0.0 0.0 0.0 0.0 0.0 0.0 0.0 0.0 0.0 0.0 0.0 0.0 0.0 0.0 0.0 0.0 0.0 0.0 0.0 0.0 0.0 0.0 0.0 0.0 0.0 0.0 0.0 0.0 0.0 0.0 0.0 0.0 0.0 0.0 0.0 0.0 0.0 0.0 0.0 0.0 0.0 0.0 0.0 0.0 0.0 0.0 0.0 0.0 0.0 0.0 0.0 0.0 0.0 0.0 0.0 0.0 0.0 0.0 0.0 0.0 0.0 0.0 0.0 0.0 0.0 0.0 0.0 0.0 0.0 0.0 0.0 0.0 0.0 0.0 0.0 0.0 0.0 0.0 0.0 0.0 0.0 0.0 0.0 0.0 0.0 0.0 0.0 0.0 0.0 0.0 0.0 0.0 0.0 0.0 0.0 0.0 0.0 0.0 0.0 0.0 0.0 0.0 0.0 0.0 0.0 0.0 0.0 0.0 0.0 0.0 0.0 0.0 0.0 0.0 0.0 0.0 0.0 0.0 0.0 0.0 0.0 0.0 0.0 0.0
0.0 0.0 0.0 0.0 0.0 0.0 0.0 0.0 0.0 0.0 0.0 0.0 0.0 0.0 0.0 0.0 0.0 0.0 0.0 0.0 0.0 0.0 0.0 0.0 0.0 0.0 0.0 0.0 0.0 0.0 0.0 0.0 0.0 0.0 0.0 0.0 0.0 0.0 0.0 0.0 0.0 0.0 0.0 0.0 0.0 0.0 0.0 0.0 0.0 0.0 0.0 0.0 0.0 0.0 0.0 0.0 0.0 0.0 0.0 0.0 0.0 0.0 0.0 0.0 0.0 0.0 0.0 0.0 0.0 0.0 0.0 0.0 0.0 0.0 0.0 0.0 0.0 0.0 0.0 0.0 0.0 0.0 0.0 0.0 0.0 0.0 0.0 0.0 0.0 0.0 0.0 0.0 0.0 0.0 0.0 0.0 0.0 0.0 0.0 0.0 0.0 0.0 0.0 0.0 0.0 0.0 0.0 0.0 0.0 0.0 0.0 0.0 0.0 0.0 0.0 0.0 0.0 0.0 0.0 0.0 0.0 0.0 0.0 0.0 0.0 0.0 0.0 0.0
0.0 0.0 0.0 0.0 0.0 0.0 0.0 0.0 0.0 0.0 0.0 0.0 0.0 0.0 0.0 0.0 0.0 0.0 0.0 0.0 0.0 0.0 0.0 0.0 0.0 0.0 0.0 0.0 0.0 0.0 0.0 0.0 0.0 0.0 0.0 0.0 0.0 0.0 0.0 0.0 0.0 0.0 0.0 0.0 0.0 0.0 0.0 0.0 0.0 0.0 0.0 0.0 0.0 0.0 0.0 0.0 0.0 0.0 0.0 0.0 0.0 0.0 0.0 0.0 0.0 0.0 0.0 0.0 0.0 0.0 0.0 0.0 0.0 0.0 0.0 0.0 0.0 0.0 0.0 0.0 0.0 0.0 0.0 0.0 0.0 0.0 0.0 0.0 0.0 0.0 0.0 0.0 0.0 0.0 0.0 0.0 0.0 0.0 0.0 0.0 0.0 0.0 0.0 0.0 0.0 0.0 0.0 0.0 0.0 0.0 0.0 0.0 0.0 0.0 0.0 0.0 0.0 0.0 0.0 0.0 0.0 0.0 0.0 0.0 0.0 0.0 0.0 0.0
0.0 0.0 0.0 0.0 0.0 0.0 0.0 0.0 0.0 0.0 0.0 0.0 0.0 0.0 0.0 0.0 0.0 0.0 0.0 0.0 0.0 0.0 0.0 0.0 0.0 0.0 0.0 0.0 0.0 0.0 0.0 0.0 0.0 0.0 0.0 0.0 0.0 0.0 0.0 0.0 0.0 0.0 0.0 0.0 0.0 0.0 0.0 0.0 0.0 0.0 0.0 0.0 0.0 0.0 0.0 0.0 0.0 0.0 0.0 0.0 0.0 0.0 0.0 0.0 0.0 0.0 0.0 0.0 0.0 0.0 0.0 0.0 0.0 0.0 0.0 0.0 0.0 0.0 0.0 0.0 0.0 0.0 0.0 0.0 0.0 0.0 0.0 0.0 0.0 0.0 0.0 0.0 0.0 0.0 0.0 0.0 0.0 0.0 0.0 0.0 0.0 0.0 0.0 0.0 0.0 0.0 0.0 0.0 0.0 0.0 0.0 0.0 0.0 0.0 0.0 0.0 0.0 0.0 0.0 0.0 0.0 0.0 0.0 0.0 0.0 0.0 0.0 0.0
0.0 0.0 0.0 0.0 0.0 0.0 0.0 0.0 0.0 0.0 0.0 0.0 0.0 0.0 0.0 0.0 0.0 0.0 0.0 0.0 0.0 0.0 0.0 0.0 0.0 0.0 0.0 0.0 0.0 0.0 0.0 0.0 0.0 0.0 0.0 0.0 0.0 0.0 0.0 0.0 0.0 0.0 0.0 0.0 0.0 0.0 0.0 0.0 0.0 0.0 0.0 0.0 0.0 0.0 0.0 0.0 0.0 0.0 0.0 0.0 0.0 0.0 0.0 0.0 0.0 0.0 0.0 0.0 0.0 0.0 0.0 0.0 0.0 0.0 0.0 0.0 0.0 0.0 0.0 0.0 0.0 0.0 0.0 0.0 0.0 0.0 0.0 0.0 0.0 0.0 0.0 0.0 0.0 0.0 0.0 0.0 0.0 0.0 0.0 0.0 0.0 0.0 0.0 0.0 0.0 0.0 0.0 0.0 0.0 0.0 0.0 0.0 0.0 0.0 0.0 0.0 0.0 0.0 0.0 0.0 0.0 0.0 0.0 0.0 0.0 0.0 0.0 0.0
0.0 0.0 0.0 0.0 0.0 0.0 0.0 0.0 0.0 0.0 0.0 0.0 0.0 0.0 0.0 0.0 0.0 0.0 0.0 0.0 0.0 0.0 0.0 0.0 0.0 0.0 0.0 0.0 0.0 0.0 0.0 0.0 0.0 0.0 0.0 0.0 0.0 0.0 0.0 0.0 0.0 0.0 0.0 0.0 0.0 0.0 0.0 0.0 0.0 0.0 0.0 0.0 0.0 0.0 0.0 0.0 0.0 0.0 0.0 0.0 0.0 0.0 0.0 0.0 0.0 0.0 0.0 0.0 0.0 0.0 0.0 0.0 0.0 0.0 0.0 0.0 0.0 0.0 0.0 0.0 0.0 0.0 0.0 0.0 0.0 0.0 0.0 0.0 0.0 0.0 0.0 0.0 0.0 0.0 0.0 0.0 0.0 0.0 0.0 0.0 0.0 0.0 0.0 0.0 0.0 0.0 0.0 0.0 0.0 0.0 0.0 0.0 0.0 0.0 0.0 0.0 0.0 0.0 0.0 0.0 0.0 0.0 0.0 0.0 0.0 0.0 0.0 0.0
0.0 0.0 0.0 0.0 0.0 0.0 0.0 0.0 0.0 0.0 0.0 0.0 0.0 0.0 0.0 0.0 0.0 0.0 0.0 0.0 0.0 0.0 0.0 0.0 0.0 0.0 0.0 0.0 0.0 0.0 0.0 0.0 0.0 0.0 0.0 0.0 0.0 0.0 0.0 0.0 0.0 0.0 0.0 0.0 0.0 0.0 0.0 0.0 0.0 0.0 0.0 0.0 0.0 0.0 0.0 0.0 0.0 0.0 0.0 0.0 0.0 0.0 0.0 0.0 0.0 0.0 0.0 0.0 0.0 0.0 0.0 0.0 0.0 0.0 0.0 0.0 0.0 0.0 0.0 0.0 0.0 0.0 0.0 0.0 0.0 0.0 0.0 0.0 0.0 0.0 0.0 0.0 0.0 0.0 0.0 0.0 0.0 0.0 0.0 0.0 0.0 0.0 0.0 0.0 0.0 0.0 0.0 0.0 0.0 0.0 0.0 0.0 0.0 0.0 0.0 0.0 0.0 0.0 0.0 0.0 0.0 0.0 0.0 0.0 0.0 0.0 0.0 0.0
0.0 0.0 0.0 0.0 0.0 0.0 0.0 0.0 0.0 0.0 0.0 0.0 0.0 0.0 0.0 0.0 0.0 0.0 0.0 0.0 0.0 0.0 0.0 0.0 0.0 0.0 0.0 0.0 0.0 0.0 0.0 0.0 0.0 0.0 0.0 0.0 0.0 0.0 0.0 0.0 0.6235 0.519 0.4261 0.3477 0.2261 0.1386 0.1203 0.1203 0.1203 0.1203 0.1203 0.1203 0.1203 0.1203 0.1203 0.1203 0.1203 0.1203 0.1203 0.1203 0.1203 0.1203 0.1203 0.1203 0.1203 0.1203 0.1203 0.1203 0.1203 0.1203 0.1203 0.1203 0.1203 0.1203 0.1203 0.1203 0.1203 0.1203 0.1203 0.1203 0.1203 0.1203 0.1203 0.1203 0.1203 0.1203 0.1203 0.1203 0.1203 0.1203 0.1203 0.1203 0.1203 0.1203 0.1203 0.1203 0.1203 0.1203 0.1203 0.1203 0.1203 0.1203 0.1203 0.1203 0.1203 0.1203 0.1203 0.1203 0.1203 0.1203 0.1203 0.1203 0.5987 0.0 0.0 0.0 0.0 0.0 0.0 0.0 0.0 0.0 0.0 0.0 0.0 0.0 0.0 0.0
0.0 0.0 0.0 0.0 0.0 0.0 0.0 0.0 0.0 0.0 0.0 0.0 0.0 0.0 0.0 0.0 0.0 0.0 0.0 0.0 0.0 0.0 0.0 0.0 0.0 0.0 0.0 0.0 0.0 0.0 0.0 0.0 0.0 0.0 0.0 0.0 0.0 0.5843 0.4235 0.2863 0.6667 0.6667 0.6667 0.6667 0.6667 0.6667 0.6667 0.6667 0.6667 0.6667 0.6667 0.6667 0.6667 0.6667 0.6667 0.6667 0.6667 0.6667 0.6667 0.6667 0.6667 0.6667 0.6667 0.6667 0.6667 0.6667 0.6667 0.6667 0.6667 0.6667 0.6667 0.6667 0.6667 0.6667 0.6667 0.6667 0.6667 0.6667 0.6667 0.6667 0.6667 0.6667 0.6667 0.6667 0.6667 0.6667 0.6667 0.6667 0.6667 0.6667 0.6667 0.6667 0.6667 0.6667 0.6667 0.6667 0.6667 0.6667 0.6667 0.6667 0.6667 0.6667 0.6667 0.6667 0.6667 0.6667 0.6667 0.6667 0.6667 0.6667 0.6667 0.6667 0.5935 0.0 0.0 0.0 0.0 0.0 0.0 0.0 0.0 0.0 0.0 0.0 0.0 0.0 0.0 0.0
0.0 0.0 0.0 0.0 0.0 0.0 0.0 0.0 0.0 0.0 0.0 0.0 0.0 0.0 0.0 0.0 0.0 0.0 0.0 0.0 0.0 0.0 0.0 0.0 0.0 0.0 0.0 0.0 0.0 0.0 0.0 0.0 0.0 0.0 0.0 0.0 0.5503 0.6667 0.6667 0.6667 0.6667 0.6667 0.6667 0.6667 0.6667 0.6667 0.6667 0.6667 0.6667 0.6667 0.6667 0.6667 0.6667 0.6667 0.6667 0.6667 0.6667 0.6667 0.6667 0.6667 0.6667 0.6667 0.6667 0.6667 0.6667 0.6667 0.6667 0.6667 0.6667 0.6667 0.6667 0.6667 0.6667 0.6667 0.6667 0.6667 0.6667 0.6667 0.6667 0.6667 0.6667 0.6667 0.6667 0.6667 0.6667 0.6667 0.6667 0.6667 0.6667 0.6667 0.6667 0.6667 0.6667 0.6667 0.6667 0.6667 0.6667 0.6667 0.6667 0.6667 0.6667 0.6667 0.6667 0.6667 0.6667 0.6667 0.6667 0.6667 0.6667 0.6667 0.6667 0.6667 0.5935 0.0 0.0 0.0 0.0 0.0 0.0 0.0 0.0 0.0 0.0 0.0 0.0 0.0 0.0 0.0
0.0 0.0 0.0 0.0 0.0 0.0 0.0 0.0 0.0 0.0 0.0 0.0 0.0 0.0 0.0 0.0 0.0 0.0 0.0 0.0 0.0 0.0 0.0 0.0 0.0 0.0 0.0 0.0 0.0 0.0 0.0 0.0 0.0 0.0 0.4078 0.1791 0.6667 0.6667 0.6667 0.6667 0.6667 0.6667 0.6667 0.6667 0.6667 0.6667 0.6667 0.6667 0.6667 0.6667 0.6667 0.6667 0.6667 0.6667 0.6667 0.6667 0.6667 0.6667 0.6667 0.6667 0.6667 0.6667 0.6667 0.6667 0.6667 0.6667 0.6667 0.6667 0.6667 0.6667 0.6667 0.6667 0.6667 0.6667 0.6667 0.6667 0.6667 0.6667 0.6667 0.6667 0.6667 0.6667 0.6667 0.6667 0.6667 0.6667 0.6667 0.6667 0.6667 0.6667 0.6667 0.6667 0.6667 0.6667 0.6667 0.6667 0.6667 0.6667 0.6667 0.6667 0.6667 0.6667 0.6667 0.6667 0.6667 0.6667 0.6667 0.6667 0.6667 0.6667 0.6667 0.6667 0.5935 0.0 0.0 0.0 0.0 0.0 0.0 0.0 0.0 0.0 0.0 0.0 0.0 0.0 0.0 0.0
0.0 0.0 0.0 0.0 0.0 0.0 0.0 0.0 0.0 0.0 0.0 0.0 0.0 0.0 0.0 0.0 0.0 0.0 0.0 0.0 0.0 0.0 0.0 0.0 0.0 0.0 0.0 0.0 0.0 0.0 0.0 0.0 0.0 0.3255 0.6667 0.6667 0.6667 0.6667 0.6667 0.6667 0.6667 0.6667 0.6667 0.6667 0.6667 0.6667 0.6667 0.6667 0.6667 0.6667 0.6667 0.6667 0.6667 0.6667 0.6667 0.6667 0.6667 0.6667 0.6667 0.6667 0.6667 0.6667 0.6667 0.6667 0.6667 0.6667 0.6667 0.6667 0.6667 0.6667 0.6667 0.6667 0.6667 0.6667 0.6667 0.6667 0.6667 0.6667 0.6667 0.6667 0.6667 0.6667 0.6667 0.6667 0.6667 0.6667 0.6667 0.6667 0.6667 0.6667 0.6667 0.6667 0.6667 0.6667 0.6667 0.6667 0.6667 0.6667 0.6667 0.6667 0.6667 0.6667 0.6667 0.6667 0.6667 0.6667 0.6667 0.6667 0.6667 0.6667 0.6667 0.6667 0.5935 0.0 0.0 0.0 0.0 0.0 0.0 0.0 0.0 0.0 0.0 0.0 0.0 0.0 0.0 0.0
0.0 0.0 0.0 0.0 0.0 0.0 0.0 0.0 0.0 0.0 0.0 0.0 0.0 0.0 0.0 0.0 0.0 0.0 0.0 0.0 0.0 0.0 0.0 0.0 0.0 0.0 0.0 0.0 0.0 0.0 0.0 0.5935 0.302 0.6667 0.6667 0.6667 0.6667 0.6667 0.6667 0.6667 0.6667 0.6667 0.6667 0.6667 0.6667 0.6667 0.6667 0.6667 0.6667 0.6667 0.6667 0.6667 0.6667 0.6667 0.6667 0.6667 0.6667 0.6667 0.6667 0.6667 0.6667 0.6667 0.6667 0.6667 0.6667 0.6667 0.6667 0.6667 0.6667 0.6667 0.6667 0.6667 0.6667 0.6667 0.6667 0.6667 0.6667 0.6667 0.6667 0.6667 0.6667 0.6667 0.6667 0.6667 0.6667 0.6667 0.6667 0.6667 0.6667 0.6667 0.6667 0.6667 0.6667 0.6667 0.6667 0.6667 0.6667 0.6667 0.6667 0.6667 0.6667 0.6667 0.6667 0.6667 0.6667 0.6667 0.6667 0.6667 0.6667 0.6667 0.6667 0.6667 0.5935 0.0 0.0 0.0 0.0 0.0 0.0 0.0 0.0 0.0 0.0 0.0 0.0 0.0 0.0 0.0
0.0 0.0 0.0 0.0 0.0 0.0 0.0 0.0 0.0 0.0 0.0 0.0 0.0 0.0 0.0 0.0 0.0 0.0 0.0 0.0 0.0 0.0 0.0 0.0 0.0 0.0 0.0 0.0 0.0 0.6379 0.3556 0.0993 0.6667 0.6667 0.6667 0.6667 0.6667 0.6667 0.6667 0.6667 0.6667 0.6667 0.6667 0.6667 0.6667 0.6667 0.6667 0.6667 0.6667 0.6667 0.6667 0.6667 0.6667 0.6667 0.6667 0.6667 0.6667 0.6667 0.6667 0.6667 0.6667 0.6667 0.6667 0.6667 0.6667 0.6667 0.6667 0.6667 0.6667 0.6667 0.6667 0.6667 0.6667 0.6667 0.6667 0.6667 0.6667 0.6667 0.6667 0.6667 0.6667 0.6667 0.6667 0.6667 0.6667 0.6667 0.6667 0.6667 0.6667 0.6667 0.6667 0.6667 0.6667 0.6667 0.6667 0.6667 0.6667 0.6667 0.6667 0.6667 0.6667 0.6667 0.6667 0.6667 0.6667 0.6667 0.6667 0.6667 0.6667 0.6667 0.6667 0.6667 0.5935 0.0 0.0 0.0 0.0 0.0 0.0 0.0 0.0 0.0 0.0 0.0 0.0 0.0 0.0 0.0
0.0 0.0 0.0 0.0 0.0 0.0 0.0 0.0 0.0 0.0 0.0 0.0 0.0 0.0 0.0 0.0 0.0 0.0 0.0 0.0 0.0 0.0 0.0 0.0 0.0 0.0 0.0 0.0 0.0 0.1412 0.6667 0.6667 0.6667 0.6667 0.6667 0.6667 0.6667 0.6667 0.6667 0.6667 0.6667 0.6667 0.6667 0.6667 0.6667 0.6667 0.6667 0.6667 0.6667 0.6667 0.6667 0.6667 0.6667 0.6667 0.6667 0.6667 0.6667 0.6667 0.6667 0.6667 0.6667 0.6667 0.6667 0.6667 0.6667 0.6667 0.6667 0.6667 0.6667 0.6667 0.6667 0.6667 0.6667 0.6667 0.6667 0.6667 0.6667 0.6667 0.6667 0.6667 0.6667 0.6667 0.6667 0.6667 0.6667 0.6667 0.6667 0.6667 0.6667 0.6667 0.6667 0.6667 0.6667 0.6667 0.6667 0.6667 0.6667 0.6667 0.6667 0.6667 0.6667 0.6667 0.6667 0.6667 0.6667 0.6667 0.6667 0.6667 0.6667 0.6667 0.6667 0.6667 0.5935 0.0 0.0 0.0 0.0 0.0 0.0 0.0 0.0 0.0 0.0 0.0 0.0 0.0 0.0 0.0
0.0 0.0 0.0 0.0 0.0 0.0 0.0 0.0 0.0 0.0 0.0 0.0 0.0 0.0 0.0 0.0 0.0 0.0 0.0 0.0 0.0 0.0 0.0 0.0 0.0 0.0 0.0 0.5137 0.6667 0.6667 0.6667 0.6667 0.6667 0.6667 0.6667 0.6667 0.6667 0.6667 0.6667 0.6667 0.6667 0.6667 0.6667 0.6667 0.6667 0.6667 0.6667 0.6667 0.6667 0.6667 0.6667 0.6667 0.6667 0.6667 0.6667 0.6667 0.6667 0.6667 0.6667 0.6667 0.6667 0.6667 0.6667 0.6667 0.6667 0.6667 0.6667 0.6667 0.6667 0.6667 0.6667 0.6667 0.6667 0.6667 0.6667 0.6667 0.6667 0.6667 0.6667 0.6667 0.6667 0.6667 0.6667 0.6667 0.6667 0.6667 0.6667 0.6667 0.6667 0.6667 0.6667 0.6667 0.6667 0.6667 0.6667 0.6667 0.6667 0.6667 0.6667 0.6667 0.6667 0.6667 0.6667 0.6667 0.6667 0.6667 0.6667 0.6667 0.6667 0.6667 0.6667 0.6667 0.5935 0.0 0.0 0.0 0.0 0.0 0.0 0.0 0.0 0.0 0.0 0.0 0.0 0.0 0.0 0.0
0.0 0.0 0.0 0.0 0.0 0.0 0.0 0.0 0.0 0.0 0.0 0.0 0.0 0.0 0.0 0.0 0.0 0.0 0.0 0.0 0.0 0.0 0.0 0.0 0.0 0.0 0.3935 0.0915 0.6667 0.6667 0.6667 0.6667 0.6667 0.6667 0.6667 0.6667 0.6667 0.6667 0.6667 0.6667 0.6667 0.6667 0.6667 0.6667 0.6667 0.6667 0.6667 0.6667 0.6667 0.6667 0.6667 0.6667 0.6667 0.6667 0.6667 0.6667 0.6667 0.6667 0.6667 0.6667 0.6667 0.6667 0.6667 0.6667 0.6667 0.6667 0.6667 0.6667 0.6667 0.6667 0.6667 0.6667 0.6667 0.6667 0.6667 0.6667 0.6667 0.6667 0.6667 0.6667 0.6667 0.6667 0.6667 0.6667 0.6667 0.6667 0.6667 0.6667 0.6667 0.6667 0.6667 0.6667 0.6667 0.6667 0.6667 0.6667 0.6667 0.6667 0.6667 0.6667 0.6667 0.6667 0.6667 0.6667 0.6667 0.6667 0.6667 0.6667 0.6667 0.6667 0.6667 0.6667 0.5935 0.0 0.0 0.0 0.0 0.0 0.0 0.0 0.0 0.0 0.0 0.0 0.0 0.0 0.0 0.0
0.0 0.0 0.0 0.0 0.0 0.0 0.0 0.0 0.0 0.0 0.0 0.0 0.0 0.0 0.0 0.0 0.0 0.0 0.0 0.0 0.0 0.0 0.0 0.0 0.0 0.6484 0.6667 0.6667 0.6667 0.6667 0.6667 0.6667 0.6667 0.6667 0.6667 0.6667 0.6667 0.6667 0.6667 0.6667 0.6667 0.6667 0.6667 0.6667 0.6667 0.6667 0.6667 0.6667 0.6667 0.6667 0.6667 0.6667 0.6667 0.6667 0.6667 0.6667 0.6667 0.6667 0.6667 0.6667 0.6667 0.6667 0.6667 0.6667 0.6667 0.6667 0.6667 0.6667 0.6667 0.6667 0.6667 0.6667 0.6667 0.6667 0.6667 0.6667 0.6667 0.6667 0.6667 0.6667 0.6667 0.6667 0.6667 0.6667 0.6667 0.6667 0.6667 0.6667 0.6667 0.6667 0.6667 0.6667 0.6667 0.6667 0.6667 0.6667 0.6667 0.6667 0.6667 0.6667 0.6667 0.6667 0.6667 0.6667 0.6667 0.6667 0.6667 0.6667 0.6667 0.6667 0.6667 0.6667 0.5935 0.0 0.0 0.0 0.0 0.0 0.0 0.0 0.0 0.0 0.0 0.0 0.0 0.0 0.0 0.0
0.0 0.0 0.0 0.0 0.0 0.0 0.0 0.0 0.0 0.0 0.0 0.0 0.0 0.0 0.0 0.0 0.0 0.0 0.0 0.0 0.0 0.0 0.0 0.0 0.6248 0.2209 0.6667 0.6667 0.6667 0.6667 0.6667 0.6667 0.6667 0.6667 0.6667 0.6667 0.6667 0.6667 0.6667 0.6667 0.6667 0.6667 0.6667 0.6667 0.6667 0.6667 0.6667 0.6667 0.6667 0.6667 0.6667 0.6667 0.6667 0.6667 0.6667 0.6667 0.6667 0.6667 0.6667 0.6667 0.6667 0.6667 0.6667 0.6667 0.6667 0.6667 0.6667 0.6667 0.6667 0.6667 0.6667 0.6667 0.6667 0.6667 0.6667 0.6667 0.6667 0.6667 0.6667 0.6667 0.6667 0.6667 0.6667 0.6667 0.6667 0.6667 0.6667 0.6667 0.6667 0.6667 0.6667 0.6667 0.6667 0.6667 0.6667 0.6667 0.6667 0.6667 0.6667 0.6667 0.6667 0.6667 0.6667 0.6667 0.6667 0.6667 0.6667 0.6667 0.6667 0.6667 0.6667 0.6667 0.5935 0.0 0.0 0.0 0.0 0.0 0.0 0.0 0.0 0.0 0.0 0.0 0.0 0.0 0.0 0.0
0.0 0.0 0.0 0.0 0.0 0.0 0.0 0.0 0.0 0.0 0.0 0.0 0.0 0.0 0.0 0.0 0.0 0.0 0.0 0.0 0.0 0.0 0.0 0.6196 0.1869 0.6667 0.6667 0.6667 0.6667 0.6667 0.6667 0.6667 0.6667 0.6667 0.6667 0.6667 0.6667 0.6667 0.6667 0.6667 0.6667 0.6667 0.6667 0.6667 0.6667 0.6667 0.6667 0.6667 0.6667 0.6667 0.6667 0.6667 0.6667 0.6667 0.6667 0.6667 0.6667 0.6667 0.6667 0.6667 0.6667 0.6667 0.6667 0.6667 0.6667 0.6667 0.6667 0.6667 0.6667 0.6667 0.6667 0.6667 0.6667 0.6667 0.6667 0.6667 0.6667 0.6667 0.6667 0.6667 0.6667 0.6667 0.6667 0.6667 0.6667 0.6667 0.6667 0.6667 0.6667 0.6667 0.6667 0.6667 0.6667 0.6667 0.6667 0.6667 0.6667 0.6667 0.6667 0.6667 0.6667 0.6667 0.6667 0.6667 0.6667 0.6667 0.6667 0.6667 0.6667 0.6667 0.6667 0.6667 0.5935 0.0 0.0 0.0 0.0 0.0 0.0 0.0 0.0 0.0 0.0 0.0 0.0 0.0 0.0 0.0
0.0 0.0 0.0 0.0 0.0 0.0 0.0 0.0 0.0 0.0 0.0 0.0 0.0 0.0 0.0 0.0 0.0 0.0 0.0 0.0 0.0 0.0 0.6196 0.1752 0.6667 0.6667 0.6667 0.6667 0.6667 0.6667 0.6667 0.6667 0.6667 0.6667 0.6667 0.6667 0.6667 0.6667 0.6667 0.6667 0.6667 0.6667 0.6667 0.6667 0.6667 0.6667 0.6667 0.6667 0.6667 0.6667 0.6667 0.6667 0.6667 0.6667 0.6667 0.6667 0.6667 0.6667 0.6667 0.6667 0.6667 0.6667 0.6667 0.6667 0.6667 0.6667 0.6667 0.6667 0.6667 0.6667 0.6667 0.6667 0.6667 0.6667 0.6667 0.6667 0.6667 0.6667 0.6667 0.6667 0.6667 0.6667 0.6667 0.6667 0.6667 0.6667 0.6667 0.6667 0.6667 0.6667 0.6667 0.6667 0.6667 0.6667 0.6667 0.6667 0.6667 0.6667 0.6667 0.6667 0.6667 0.6667 0.6667 0.6667 0.6667 0.6667 0.6667 0.6667 0.6667 0.6667 0.6667 0.6667 0.5935 0.0 0.0 0.0 0.0 0.0 0.0 0.0 0.0 0.0 0.0 0.0 0.0 0.0 0.0 0.0
0.0 0.0 0.0 0.0 0.0 0.0 0.0 0.0 0.0 0.0 0.0 0.0 0.0 0.0 0.0 0.0 0.0 0.0 0.0 0.0 0.0 0.0 0.1869 0.6667 0.6667 0.6667 0.6667 0.6667 0.6667 0.6667 0.6667 0.6667 0.6667 0.6667 0.6667 0.6667 0.6667 0.6667 0.6667 0.6667 0.6667 0.6667 0.6667 0.6667 0.6667 0.6667 0.6667 0.6667 0.6667 0.6667 0.6667 0.6667 0.6667 0.6667 0.6667 0.6667 0.6667 0.6667 0.6667 0.6667 0.6667 0.6667 0.6667 0.6667 0.6667 0.6667 0.6667 0.6667 0.6667 0.6667 0.6667 0.6667 0.6667 0.6667 0.6667 0.6667 0.6667 0.6667 0.6667 0.6667 0.6667 0.6667 0.6667 0.6667 0.6667 0.6667 0.6667 0.6667 0.6667 0.6667 0.6667 0.6667 0.6667 0.6667 0.6667 0.6667 0.6667 0.6667 0.6667 0.6667 0.6667 0.6667 0.6667 0.6667 0.6667 0.6667 0.6667 0.6667 0.6667 0.6667 0.6667 0.6667 0.5935 0.0 0.0 0.0 0.0 0.0 0.0 0.0 0.0 0.0 0.0 0.0 0.0 0.0 0.0 0.0
0.0 0.0 0.0 0.0 0.0 0.0 0.0 0.0 0.0 0.0 0.0 0.0 0.0 0.0 0.0 0.0 0.0 0.0 0.0 0.0 0.0 0.0 0.6667 0.6667 0.6667 0.6667 0.6667 0.6667 0.6667 0.6667 0.6667 0.6667 0.6667 0.6667 0.6667 0.6667 0.6667 0.6667 0.6667 0.6667 0.6667 0.6667 0.6667 0.6667 0.6667 0.6667 0.6667 0.6667 0.6667 0.6667 0.6667 0.6667 0.6667 0.6667 0.6667 0.6667 0.6667 0.6667 0.6667 0.6667 0.6667 0.6667 0.6667 0.6667 0.6667 0.6667 0.6667 0.6667 0.6667 0.6667 0.6667 0.6667 0.6667 0.6667 0.6667 0.6667 0.6667 0.6667 0.6667 0.6667 0.6667 0.6667 0.6667 0.6667 0.6667 0.6667 0.6667 0.6667 0.6667 0.6667 0.6667 0.6667 0.6667 0.6667 0.6667 0.6667 0.6667 0.6667 0.6667 0.6667 0.6667 0.6667 0.6667 0.6667 0.6667 0.6667 0.6667 0.6667 0.6667 0.6667 0.6667 0.6667 0.5935 0.0 0.0 0.0 0.0 0.0 0.0 0.0 0.0 0.0 0.0 0.0 0.0 0.0 0.0 0.0
0.0 0.0 0.0 0.0 0.0 0.0 0.0 0.0 0.0 0.0 0.0 0.0 0.0 0.0 0.0 0.0 0.0 0.0 0.0 0.0 0.0 0.6641 0.6667 0.6667 0.6667 0.6667 0.6667 0.6667 0.6667 0.6667 0.6667 0.6667 0.6667 0.6667 0.6667 0.6667 0.6667 0.6667 0.6667 0.6667 0.6667 0.6667 0.6667 0.6667 0.6667 0.6667 0.6667 0.6667 0.6667 0.6667 0.6667 0.6667 0.6667 0.6667 0.6667 0.6667 0.6667 0.6667 0.6667 0.6667 0.6667 0.6667 0.6667 0.6667 0.6667 0.6667 0.6667 0.6667 0.6667 0.6667 0.6667 0.6667 0.6667 0.6667 0.6667 0.6667 0.6667 0.6667 0.6667 0.6667 0.6667 0.6667 0.6667 0.6667 0.6667 0.6667 0.6667 0.6667 0.6667 0.6667 0.6667 0.6667 0.6667 0.6667 0.6667 0.6667 0.6667 0.6667 0.6667 0.6667 0.6667 0.6667 0.6667 0.6667 0.6667 0.6667 0.6667 0.6667 0.6667 0.6667 0.6667 0.6667 0.5935 0.0 0.0 0.0 0.0 0.0 0.0 0.0 0.0 0.0 0.0 0.0 0.0 0.0 0.0 0.0
0.0 0.0 0.0 0.0 0.0 0.0 0.0 0.0 0.0 0.0 0.0 0.0 0.0 0.0 0.0 0.0 0.0 0.0 0.0 0.0 0.0 0.4 0.6667 0.6667 0.6667 0.6667 0.6667 0.6667 0.6667 0.6667 0.6667 0.6667 0.6667 0.6667 0.6667 0.6667 0.6667 0.6667 0.6667 0.6667 0.6667 0.6667 0.6667 0.6667 0.6667 0.6667 0.6667 0.6667 0.6667 0.6667 0.6667 0.6667 0.6667 0.6667 0.6667 0.6667 0.6667 0.6667 0.6667 0.6667 0.6667 0.6667 0.6667 0.6667 0.6667 0.6667 0.6667 0.6667 0.6667 0.6667 0.6667 0.6667 0.6667 0.6667 0.6667 0.6667 0.6667 0.6667 0.6667 0.6667 0.6667 0.6667 0.6667 0.6667 0.6667 0.6667 0.6667 0.6667 0.6667 0.6667 0.6667 0.6667 0.6667 0.6667 0.6667 0.6667 0.6667 0.6667 0.6667 0.6667 0.6667 0.6667 0.6667 0.6667 0.6667 0.6667 0.6667 0.6667 0.6667 0.6667 0.6667 0.6667 0.5935 0.0 0.0 0.0 0.0 0.0 0.0 0.0 0.0 0.0 0.0 0.0 0.0 0.0 0.0 0.0
0.0 0.0 0.0 0.0 0.0 0.0 0.0 0.0 0.0 0.0 0.0 0.0 0.0 0.0 0.0 0.0 0.0 0.0 0.0 0.0 0.5216 0.0915 0.6667 0.6667 0.6667 0.6667 0.6667 0.6667 0.6667 0.6667 0.6667 0.6667 0.6667 0.6667 0.6667 0.6667 0.6667 0.6667 0.6667 0.6667 0.6667 0.6667 0.6667 0.6667 0.6667 0.6667 0.6667 0.6667 0.6667 0.6667 0.6667 0.6667 0.6667 0.6667 0.6667 0.6667 0.6667 0.6667 0.6667 0.6667 0.6667 0.6667 0.6667 0.6667 0.6667 0.6667 0.6667 0.6667 0.6667 0.6667 0.6667 0.6667 0.6667 0.6667 0.6667 0.6667 0.6667 0.6667 0.6667 0.6667 0.6667 0.6667 0.6667 0.6667 0.6667 0.6667 0.6667 0.6667 0.6667 0.6667 0.6667 0.6667 0.6667 0.6667 0.6667 0.6667 0.6667 0.6667 0.6667 0.6667 0.6667 0.6667 0.6667 0.6667 0.6667 0.6667 0.6667 0.6667 0.6667 0.6667 0.6667 0.6667 0.5935 0.0 0.0 0.0 0.0 0.0 0.0 0.0 0.0 0.0 0.0 0.0 0.0 0.0 0.0 0.0
0.0 0.0 0.0 0.0 0.0 0.0 0.0 0.0 0.0 0.0 0.0 0.0 0.0 0.0 0.0 0.0 0.0 0.0 0.0 0.6248 0.1477 0.6667 0.6667 0.6667 0.6667 0.6667 0.6667 0.6667 0.6667 0.6667 0.6667 0.6667 0.6667 0.6667 0.6667 0.6667 0.6667 0.6667 0.6667 0.6667 0.6667 0.6667 0.6667 0.6667 0.6667 0.6667 0.6667 0.6667 0.6667 0.6667 0.6667 0.6667 0.6667 0.6667 0.6667 0.6667 0.6667 0.6667 0.6667 0.6667 0.6667 0.6667 0.6667 0.6667 0.6667 0.6667 0.6667 0.6667 0.6667 0.6667 0.6667 0.6667 0.6667 0.6667 0.6667 0.6667 0.6667 0.6667 0.6667 0.6667 0.6667 0.6667 0.6667 0.6667 0.6667 0.6667 0.6667 0.6667 0.6667 0.6667 0.6667 0.6667 0.6667 0.6667 0.6667 0.6667 0.6667 0.6667 0.6667 0.6667 0.6667 0.6667 0.6667 0.6667 0.6667 0.6667 0.6667 0.6667 0.6667 0.6667 0.6667 0.6667 0.5935 0.0 0.0 0.0 0.0 0.0 0.0 0.0 0.0 0.0 0.0 0.0 0.0 0.0 0.0 0.0
0.0 0.0 0.0 0.0 0.0 0.0 0.0 0.0 0.0 0.0 0.0 0.0 0.0 0.0 0.0 0.0 0.0 0.0 0.0 0.2824 0.6667 0.6667 0.6667 0.6667 0.6667 0.6667 0.6667 0.6667 0.6667 0.6667 0.6667 0.6667 0.6667 0.6667 0.6667 0.6667 0.6667 0.6667 0.6667 0.6667 0.6667 0.6667 0.6667 0.6667 0.6667 0.6667 0.6667 0.6667 0.6667 0.6667 0.6667 0.6667 0.6667 0.6667 0.6667 0.6667 0.6667 0.6667 0.6667 0.6667 0.6667 0.6667 0.6667 0.6667 0.6667 0.6667 0.6667 0.6667 0.6667 0.6667 0.6667 0.6667 0.6667 0.6667 0.6667 0.6667 0.6667 0.6667 0.6667 0.6667 0.6667 0.6667 0.6667 0.6667 0.6667 0.6667 0.6667 0.6667 0.6667 0.6667 0.6667 0.6667 0.6667 0.6667 0.6667 0.6667 0.6667 0.6667 0.6667 0.6667 0.6667 0.6667 0.6667 0.6667 0.6667 0.6667 0.6667 0.6667 0.6667 0.6667 0.6667 0.6667 0.5935 0.0 0.0 0.0 0.0 0.0 0.0 0.0 0.0 0.0 0.0 0.0 0.0 0.0 0.0 0.0
0.0 0.0 0.0 0.0 0.0 0.0 0.0 0.0 0.0 0.0 0.0 0.0 0.0 0.0 0.0 0.0 0.0 0.0 0.0 0.6667 0.6667 0.6667 0.6667 0.6667 0.6667 0.6667 0.6667 0.6667 0.6667 0.6667 0.6667 0.6667 0.6667 0.6667 0.6667 0.6667 0.6667 0.6667 0.6667 0.6667 0.6667 0.6667 0.6667 0.6667 0.6667 0.6667 0.6667 0.6667 0.6667 0.6667 0.6667 0.6667 0.6667 0.6667 0.6667 0.6667 0.6667 0.6667 0.6667 0.6667 0.6667 0.6667 0.6667 0.6667 0.6667 0.6667 0.6667 0.6667 0.6667 0.6667 0.6667 0.6667 0.6667 0.6667 0.6667 0.6667 0.6667 0.6667 0.6667 0.6667 0.6667 0.6667 0.6667 0.6667 0.6667 0.6667 0.6667 0.6667 0.6667 0.6667 0.6667 0.6667 0.6667 0.6667 0.6667 0.6667 0.6667 0.6667 0.6667 0.6667 0.6667 0.6667 0.6667 0.6667 0.6667 0.6667 0.6667 0.6667 0.6667 0.6667 0.6667 0.6667 0.5935 0.0 0.0 0.0 0.0 0.0 0.0 0.0 0.0 0.0 0.0 0.0 0.0 0.0 0.0 0.0
0.0 0.0 0.0 0.0 0.0 0.0 0.0 0.0 0.0 0.0 0.0 0.0 0.0 0.0 0.0 0.0 0.0 0.0 0.0 0.6667 0.6667 0.6667 0.6667 0.6667 0.6667 0.6667 0.6667 0.6667 0.6667 0.6667 0.6667 0.6667 0.6667 0.6667 0.6667 0.6667 0.6667 0.6667 0.6667 0.6667 0.6667 0.6667 0.6667 0.6667 0.6667 0.6667 0.6667 0.6667 0.6667 0.6667 0.6667 0.6667 0.6667 0.6667 0.6667 0.6667 0.6667 0.6667 0.6667 0.6667 0.6667 0.6667 0.6667 0.6667 0.6667 0.6667 0.6667 0.6667 0.6667 0.6667 0.6667 0.6667 0.6667 0.6667 0.6667 0.6667 0.6667 0.6667 0.6667 0.6667 0.6667 0.6667 0.6667 0.6667 0.6667 0.6667 0.6667 0.6667 0.6667 0.6667 0.6667 0.6667 0.6667 0.6667 0.6667 0.6667 0.6667 0.6667 0.6667 0.6667 0.6667 0.6667 0.6667 0.6667 0.6667 0.6667 0.6667 0.6667 0.6667 0.6667 0.6667 0.6667 0.5935 0.0 0.0 0.0 0.0 0.0 0.0 0.0 0.0 0.0 0.0 0.0 0.0 0.0 0.0 0.0
0.0 0.0 0.0 0.0 0.0 0.0 0.0 0.0 0.0 0.0 0.0 0.0 0.0 0.0 0.0 0.0 0.0 0.0 0.5987 0.6667 0.6667 0.6667 0.6667 0.6667 0.6667 0.6667 0.6667 0.6667 0.6667 0.6667 0.6667 0.6667 0.6667 0.6667 0.6667 0.6667 0.6667 0.6667 0.6667 0.6667 0.6667 0.6667 0.6667 0.6667 0.6667 0.6667 0.6667 0.6667 0.6667 0.6667 0.6667 0.6667 0.6667 0.6667 0.6667 0.6667 0.6667 0.6667 0.6667 0.6667 0.6667 0.6667 0.6667 0.6667 0.6667 0.6667 0.6667 0.6667 0.6667 0.6667 0.6667 0.6667 0.6667 0.6667 0.6667 0.6667 0.6667 0.6667 0.6667 0.6667 0.6667 0.6667 0.6667 0.6667 0.6667 0.6667 0.6667 0.6667 0.6667 0.6667 0.6667 0.6667 0.6667 0.6667 0.6667 0.6667 0.6667 0.6667 0.6667 0.6667 0.6667 0.6667 0.6667 0.6667 0.6667 0.6667 0.6667 0.6667 0.6667 0.6667 0.6667 0.6667 0.5935 0.0 0.0 0.0 0.0 0.0 0.0 0.0 0.0 0.0 0.0 0.0 0.0 0.0 0.0 0.0
0.0 0.0 0.0 0.0 0.0 0.0 0.0 0.0 0.0 0.0 0.0 0.0 0.0 0.0 0.0 0.0 0.0 0.0 0.3203 0.6667 0.6667 0.6667 0.6667 0.6667 0.6667 0.6667 0.6667 0.6667 0.6667 0.6667 0.6667 0.6667 0.6667 0.6667 0.6667 0.6667 0.6667 0.6667 0.6667 0.6667 0.6667 0.6667 0.6667 0.6667 0.6667 0.6667 0.6667 0.6667 0.6667 0.6667 0.6667 0.6667 0.6667 0.6667 0.6667 0.6667 0.6667 0.6667 0.6667 0.6667 0.6667 0.6667 0.6667 0.6667 0.6667 0.6667 0.6667 0.6667 0.6667 0.6667 0.6667 0.6667 0.6667 0.6667 0.6667 0.6667 0.6667 0.6667 0.6667 0.6667 0.6667 0.6667 0.6667 0.6667 0.6667 0.6667 0.6667 0.6667 0.6667 0.6667 0.6667 0.6667 0.6667 0.6667 0.6667 0.6667 0.6667 0.6667 0.6667 0.6667 0.6667 0.6667 0.6667 0.6667 0.6667 0.6667 0.6667 0.6667 0.6667 0.6667 0.6667 0.6667 0.5935 0.0 0.0 0.0 0.0 0.0 0.0 0.0 0.0 0.0 0.0 0.0 0.0 0.0 0.0 0.0
0.0 0.0 0.0 0.0 0.0 0.0 0.0 0.0 0.0 0.0 0.0 0.0 0.0 0.0 0.0 0.0 0.0 0.5987 0.0967 0.6667 0.6667 0.6667 0.6667 0.6667 0.6667 0.6667 0.6667 0.6667 0.6667 0.6667 0.6667 0.6667 0.6667 0.6667 0.6667 0.6667 0.6667 0.6667 0.6667 0.6667 0.6667 0.6667 0.6667 0.6667 0.6667 0.6667 0.6667 0.6667 0.6667 0.6667 0.6667 0.6667 0.6667 0.6667 0.6667 0.6667 0.6667 0.6667 0.6667 0.6667 0.6667 0.6667 0.6667 0.6667 0.6667 0.6667 0.6667 0.6667 0.6667 0.6667 0.6667 0.6667 0.6667 0.6667 0.6667 0.6667 0.6667 0.6667 0.6667 0.6667 0.6667 0.6667 0.6667 0.6667 0.6667 0.6667 0.6667 0.6667 0.6667 0.6667 0.6667 0.6667 0.6667 0.6667 0.6667 0.6667 0.6667 0.6667 0.6667 0.6667 0.6667 0.6667 0.6667 0.6667 0.6667 0.6667 0.6667 0.6667 0.6667 0.6667 0.6667 0.6667 0.5935 0.0 0.0 0.0 0.0 0.0 0.0 0.0 0.0 0.0 0.0 0.0 0.0 0.0 0.0 0.0
0.0 0.0 0.0 0.0 0.0 0.0 0.0 0.0 0.0 0.0 0.0 0.0 0.0 0.0 0.0 0.0 0.0 0.3412 0.6667 0.6667 0.6667 0.6667 0.6667 0.6667 0.6667 0.6667 0.6667 0.6667 0.6667 0.6667 0.6667 0.6667 0.6667 0.6667 0.6667 0.6667 0.6667 0.6667 0.6667 0.6667 0.6667 0.6667 0.6667 0.6667 0.6667 0.6667 0.6667 0.6667 0.6667 0.6667 0.6667 0.6667 0.6667 0.6667 0.6667 0.6667 0.6667 0.6667 0.6667 0.6667 0.6667 0.6667 0.6667 0.6667 0.6667 0.6667 0.6667 0.6667 0.6667 0.6667 0.6667 0.6667 0.6667 0.6667 0.6667 0.6667 0.6667 0.6667 0.6667 0.6667 0.6667 0.6667 0.6667 0.6667 0.6667 0.6667 0.6667 0.6667 0.6667 0.6667 0.6667 0.6667 0.6667 0.6667 0.6667 0.6667 0.6667 0.6667 0.6667 0.6667 0.6667 0.6667 0.6667 0.6667 0.6667 0.6667 0.6667 0.6667 0.6667 0.6667 0.6667 0.6667 0.5935 0.0 0.0 0.0 0.0 0.0 0.0 0.0 0.0 0.0 0.0 0.0 0.0 0.0 0.0 0.0
0.0 0.0 0.0 0.0 0.0 0.0 0.0 0.0 0.0 0.0 0.0 0.0 0.0 0.0 0.0 0.0 0.6327 0.1111 0.6667 0.6667 0.6667 0.6667 0.6667 0.6667 0.6667 0.6667 0.6667 0.6667 0.6667 0.6667 0.6667 0.6667 0.6667 0.6667 0.6667 0.6667 0.6667 0.6667 0.6667 0.6667 0.6667 0.6667 0.6667 0.6667 0.2549 0.4797 0.5085 0.5216 0.5216 0.5216 0.5216 0.5216 0.5216 0.5216 0.5216 0.5216 0.5216 0.5216 0.5216 0.5216 0.5216 0.5216 0.5216 0.5216 0.5216 0.5216 0.5216 0.5216 0.5216 0.5216 0.5216 0.5216 0.5216 0.5216 0.5216 0.5216 0.5216 0.5216 0.5216 0.5216 0.5216 0.5216 0.5216 0.5216 0.5216 0.5216 0.5216 0.5216 0.5216 0.5216 0.5216 0.5216 0.5216 0.5216 0.5216 0.5216 0.5216 0.5216 0.5216 0.5216 0.5216 0.5216 0.5216 0.5216 0.5216 0.5216 0.5216 0.5216 0.5216 0.5216 0.5216 0.5216 0.6484 0.0 0.0 0.0 0.0 0.0 0.0 0.0 0.0 0.0 0.0 0.0 0.0 0.0 0.0 0.0
0.0 0.0 0.0 0.0 0.0 0.0 0.0 0.0 0.0 0.0 0.0 0.0 0.0 0.0 0.0 0.0 0.4235 0.6667 0.6667 0.6667 0.6667 0.6667 0.6667 0.6667 0.6667 0.6667 0.6667 0.6667 0.6667 0.6667 0.6667 0.6667 0.6667 0.6667 0.6667 0.6667 0.6667 0.6667 0.6667 0.6667 0.6667 0.1046 0.3046 0.5163 0.0 0.0 0.0 0.0 0.0 0.0 0.0 0.0 0.0 0.0 0.0 0.0 0.0 0.0 0.0 0.0 0.0 0.0 0.0 0.0 0.0 0.0 0.0 0.0 0.0 0.0 0.0 0.0 0.0 0.0 0.0 0.0 0.0 0.0 0.0 0.0 0.0 0.0 0.0 0.0 0.0 0.0 0.0 0.0 0.0 0.0 0.0 0.0 0.0 0.0 0.0 0.0 0.0 0.0 0.0 0.0 0.0 0.0 0.0 0.0 0.0 0.0 0.0 0.0 0.0 0.0 0.0 0.0 0.0 0.0 0.0 0.0 0.0 0.0 0.0 0.0 0.0 0.0 0.0 0.0 0.0 0.0 0.0 0.0
0.0 0.0 0.0 0.0 0.0 0.0 0.0 0.0 0.0 0.0 0.0 0.0 0.0 0.0 0.0 0.0 0.1935 0.6667 0.6667 0.6667 0.6667 0.6667 0.6667 0.6667 0.6667 0.6667 0.6667 0.6667 0.6667 0.6667 0.6667 0.6667 0.6667 0.6667 0.6667 0.6667 0.6667 0.6667 0.6667 0.6667 0.3556 0.6209 0.0 0.0 0.0 0.0 0.0 0.0 0.0 0.0 0.0 0.0 0.0 0.0 0.0 0.0 0.0 0.0 0.0 0.0 0.0 0.0 0.0 0.0 0.0 0.0 0.0 0.0 0.0 0.0 0.0 0.0 0.0 0.0 0.0 0.0 0.0 0.0 0.0 0.0 0.0 0.0 0.0 0.0 0.0 0.0 0.0 0.0 0.0 0.0 0.0 0.0 0.0 0.0 0.0 0.0 0.0 0.0 0.0 0.0 0.0 0.0 0.0 0.0 0.0 0.0 0.0 0.0 0.0 0.0 0.0 0.0 0.0 0.0 0.0 0.0 0.0 0.0 0.0 0.0 0.0 0.0 0.0 0.0 0.0 0.0 0.0 0.0
0.0 0.0 0.0 0.0 0.0 0.0 0.0 0.0 0.0 0.0 0.0 0.0 0.0 0.0 0.0 0.5634 0.6667 0.6667 0.6667 0.6667 0.6667 0.6667 0.6667 0.6667 0.6667 0.6667 0.6667 0.6667 0.6667 0.6667 0.6667 0.6667 0.6667 0.6667 0.6667 0.6667 0.6667 0.6667 0.6667 0.2366 0.0 0.0 0.0 0.0 0.0 0.0 0.0 0.0 0.0 0.0 0.0 0.0 0.0 0.0 0.0 0.0 0.0 0.0 0.0 0.0 0.0 0.0 0.0 0.0 0.0 0.0 0.0 0.0 0.0 0.0 0.0 0.0 0.0 0.0 0.0 0.0 0.0 0.0 0.0 0.0 0.0 0.0 0.0 0.0 0.0 0.0 0.0 0.0 0.0 0.0 0.0 0.0 0.0 0.0 0.0 0.0 0.0 0.0 0.0 0.0 0.0 0.0 0.0 0.0 0.0 0.0 0.0 0.0 0.0 0.0 0.0 0.0 0.0 0.0 0.0 0.0 0.0 0.0 0.0 0.0 0.0 0.0 0.0 0.0 0.0 0.0 0.0 0.0
0.0 0.0 0.0 0.0 0.0 0.0 0.0 0.0 0.0 0.0 0.0 0.0 0.0 0.0 0.0 0.3686 0.6667 0.6667 0.6667 0.6667 0.6667 0.6667 0.6667 0.6667 0.6667 0.6667 0.6667 0.6667 0.6667 0.6667 0.6667 0.6667 0.6667 0.6667 0.6667 0.6667 0.6667 0.6667 0.3817 0.6614 0.0 0.0 0.0 0.0 0.0 0.0 0.0 0.0 0.0 0.0 0.0 0.0 0.0 0.0 0.0 0.0 0.0 0.0 0.0 0.0 0.0 0.0 0.0 0.0 0.0 0.0 0.0 0.0 0.0 0.0 0.0 0.0 0.0 0.0 0.0 0.0 0.0 0.0 0.0 0.0 0.0 0.0 0.0 0.0 0.0 0.0 0.0 0.0 0.0 0.0 0.0 0.0 0.0 0.0 0.0 0.0 0.0 0.0 0.0 0.0 0.0 0.0 0.0 0.0 0.0 0.0 0.0 0.0 0.0 0.0 0.0 0.0 0.0 0.0 0.0 0.0 0.0 0.0 0.0 0.0 0.0 0.0 0.0 0.0 0.0 0.0 0.0 0.0
0.0 0.0 0.0 0.0 0.0 0.0 0.0 0.0 0.0 0.0 0.0 0.0 0.0 0.0 0.0 0.1895 0.6667 0.6667 0.6667 0.6667 0.6667 0.6667 0.6667 0.6667 0.6667 0.6667 0.6667 0.6667 0.6667 0.6667 0.6667 0.6667 0.6667 0.6667 0.6667 0.6667 0.6667 0.4641 0.0 0.0 0.0 0.0 0.0 0.0 0.0 0.0 0.0 0.0 0.0 0.0 0.0 0.0 0.0 0.0 0.0 0.0 0.0 0.0 0.0 0.0 0.0 0.0 0.0 0.0 0.0 0.0 0.0 0.0 0.0 0.0 0.0 0.0 0.0 0.0 0.0 0.0 0.0 0.0 0.0 0.0 0.0 0.0 0.0 0.0 0.0 0.0 0.0 0.0 0.0 0.0 0.0 0.0 0.0 0.0 0.0 0.0 0.0 0.0 0.0 0.0 0.0 0.0 0.0 0.0 0.0 0.0 0.0 0.0 0.0 0.0 0.0 0.0 0.0 0.0 0.0 0.0 0.0 0.0 0.0 0.0 0.0 0.0 0.0 0.0 0.0 0.0 0.0 0.0
0.0 0.0 0.0 0.0 0.0 0.0 0.0 0.0 0.0 0.0 0.0 0.0 0.0 0.0 0.0 0.6667 0.6667 0.6667 0.6667 0.6667 0.6667 0.6667 0.6667 0.6667 0.6667 0.6667 0.6667 0.6667 0.6667 0.6667 0.6667 0.6667 0.6667 0.6667 0.6667 0.6667 0.6667 0.0 0.0 0.0 0.0 0.0 0.0 0.0 0.0 0.0 0.0 0.0 0.0 0.0 0.0 0.0 0.0 0.0 0.0 0.0 0.0 0.0 0.0 0.0 0.0 0.0 0.0 0.0 0.0 0.0 0.0 0.0 0.0 0.0 0.0 0.0 0.0 0.0 0.0 0.0 0.0 0.0 0.0 0.0 0.0 0.0 0.0 0.0 0.0 0.0 0.0 0.0 0.0 0.0 0.0 0.0 0.0 0.0 0.0 0.0 0.0 0.0 0.0 0.0 0.0 0.0 0.0 0.0 0.0 0.0 0.0 0.0 0.0 0.0 0.0 0.0 0.0 0.0 0.0 0.0 0.0 0.0 0.0 0.0 0.0 0.0 0.0 0.0 0.0 0.0 0.0 0.0
0.0 0.0 0.0 0.0 0.0 0.0 0.0 0.0 0.0 0.0 0.0 0.0 0.0 0.0 0.0 0.6667 0.6667 0.6667 0.6667 0.6667 0.6667 0.6667 0.6667 0.6667 0.6667 0.6667 0.6667 0.6667 0.6667 0.6667 0.6667 0.6667 0.6667 0.6667 0.6667 0.6667 0.6667 0.0 0.0 0.0 0.0 0.0 0.0 0.0 0.0 0.0 0.0 0.0 0.0 0.0 0.0 0.0 0.0 0.0 0.0 0.0 0.0 0.0 0.0 0.0 0.0 0.0 0.0 0.0 0.0 0.0 0.0 0.0 0.0 0.0 0.0 0.0 0.0 0.0 0.0 0.0 0.0 0.0 0.0 0.0 0.0 0.0 0.0 0.0 0.0 0.0 0.0 0.0 0.0 0.0 0.0 0.0 0.0 0.0 0.0 0.0 0.0 0.0 0.0 0.0 0.0 0.0 0.0 0.0 0.0 0.0 0.0 0.0 0.0 0.0 0.0 0.0 0.0 0.0 0.0 0.0 0.0 0.0 0.0 0.0 0.0 0.0 0.0 0.0 0.0 0.0 0.0 0.0
0.0 0.0 0.0 0.0 0.0 0.0 0.0 0.0 0.0 0.0 0.0 0.0 0.0 0.0 0.0 0.6667 0.6667 0.6667 0.6667 0.6667 0.6667 0.6667 0.6667 0.6667 0.6667 0.6667 0.6667 0.6667 0.6667 0.6667 0.6667 0.6667 0.6667 0.6667 0.6667 0.6667 0.2601 0.0 0.0 0.0 0.0 0.0 0.0 0.0 0.0 0.0 0.0 0.0 0.0 0.0 0.0 0.0 0.0 0.0 0.0 0.0 0.0 0.0 0.0 0.0 0.0 0.0 0.0 0.0 0.0 0.0 0.0 0.0 0.0 0.0 0.0 0.0 0.0 0.0 0.0 0.0 0.0 0.0 0.0 0.0 0.0 0.0 0.0 0.0 0.0 0.0 0.0 0.0 0.0 0.0 0.0 0.0 0.0 0.0 0.0 0.0 0.0 0.0 0.0 0.0 0.0 0.0 0.0 0.0 0.0 0.0 0.0 0.0 0.0 0.0 0.0 0.0 0.0 0.0 0.0 0.0 0.0 0.0 0.0 0.0 0.0 0.0 0.0 0.0 0.0 0.0 0.0 0.0
0.0 0.0 0.0 0.0 0.0 0.0 0.0 0.0 0.0 0.0 0.0 0.0 0.0 0.0 0.0 0.6667 0.6667 0.6667 0.6667 0.6667 0.6667 0.6667 0.6667 0.6667 0.6667 0.6667 0.6667 0.6667 0.6667 0.6667 0.6667 0.6667 0.6667 0.6667 0.6667 0.115 0.6092 0.0 0.0 0.0 0.0 0.0 0.0 0.0 0.0 0.0 0.0 0.0 0.0 0.0 0.0 0.0 0.0 0.0 0.0 0.0 0.0 0.0 0.0 0.0 0.0 0.0 0.0 0.0 0.0 0.0 0.0 0.0 0.0 0.0 0.0 0.0 0.0 0.0 0.0 0.0 0.0 0.0 0.0 0.0 0.0 0.0 0.0 0.0 0.0 0.0 0.0 0.0 0.0 0.0 0.0 0.0 0.0 0.0 0.0 0.0 0.0 0.0 0.0 0.0 0.0 0.0 0.0 0.0 0.0 0.0 0.0 0.0 0.0 0.0 0.0 0.0 0.0 0.0 0.0 0.0 0.0 0.0 0.0 0.0 0.0 0.0 0.0 0.0 0.0 0.0 0.0 0.0
0.0 0.0 0.0 0.0 0.0 0.0 0.0 0.0 0.0 0.0 0.0 0.0 0.0 0.0 0.6392 0.6667 0.6667 0.6667 0.6667 0.6667 0.6667 0.6667 0.6667 0.6667 0.6667 0.6667 0.6667 0.6667 0.6667 0.6667 0.6667 0.6667 0.6667 0.6667 0.6667 0.4052 0.0 0.0 0.0 0.0 0.0 0.0 0.0 0.0 0.0 0.0 0.0 0.0 0.0 0.0 0.0 0.0 0.0 0.0 0.0 0.0 0.0 0.0 0.0 0.0 0.0 0.0 0.0 0.0 0.0 0.0 0.0 0.0 0.0 0.0 0.0 0.0 0.0 0.0 0.0 0.0 0.0 0.0 0.0 0.0 0.0 0.0 0.0 0.0 0.0 0.0 0.0 0.0 0.0 0.0 0.0 0.0 0.0 0.0 0.0 0.0 0.0 0.0 0.0 0.0 0.0 0.0 0.0 0.0 0.0 0.0 0.0 0.0 0.0 0.0 0.0 0.0 0.0 0.0 0.0 0.0 0.0 0.0 0.0 0.0 0.0 0.0 0.0 0.0 0.0 0.0 0.0 0.0
0.0 0.0 0.0 0.0 0.0 0.0 0.0 0.0 0.0 0.0 0.0 0.0 0.0 0.0 0.4431 0.6667 0.6667 0.6667 0.6667 0.6667 0.6667 0.6667 0.6667 0.6667 0.6667 0.6667 0.6667 0.6667 0.6667 0.6667 0.6667 0.6667 0.6667 0.6667 0.3595 0.0 0.0 0.0 0.0 0.0 0.0 0.0 0.0 0.0 0.0 0.0 0.0 0.0 0.0 0.0 0.0 0.0 0.0 0.0 0.0 0.0 0.0 0.0 0.0 0.0 0.0 0.0 0.0 0.0 0.0 0.0 0.0 0.0 0.0 0.0 0.0 0.0 0.0 0.0 0.0 0.0 0.0 0.0 0.0 0.0 0.0 0.0 0.0 0.0 0.0 0.0 0.0 0.0 0.0 0.0 0.0 0.0 0.0 0.0 0.0 0.0 0.0 0.0 0.0 0.0 0.0 0.0 0.0 0.0 0.0 0.0 0.0 0.0 0.0 0.0 0.0 0.0 0.0 0.0 0.0 0.0 0.0 0.0 0.0 0.0 0.0 0.0 0.0 0.0 0.0 0.0 0.0 0.0
0.0 0.0 0.0 0.0 0.0 0.0 0.0 0.0 0.0 0.0 0.0 0.0 0.0 0.0 0.3712 0.6667 0.6667 0.6667 0.6667 0.6667 0.6667 0.6667 0.6667 0.6667 0.6667 0.6667 0.6667 0.6667 0.6667 0.6667 0.6667 0.6667 0.6667 0.6667 0.5739 0.0 0.0 0.0 0.0 0.0 0.0 0.0 0.0 0.0 0.0 0.0 0.0 0.0 0.0 0.0 0.0 0.0 0.0 0.0 0.0 0.0 0.0 0.0 0.0 0.0 0.0 0.0 0.0 0.0 0.0 0.0 0.0 0.0 0.0 0.0 0.0 0.0 0.0 0.0 0.0 0.0 0.0 0.0 0.0 0.0 0.0 0.0 0.0 0.0 0.0 0.0 0.0 0.0 0.0 0.0 0.0 0.0 0.0 0.0 0.0 0.0 0.0 0.0 0.0 0.0 0.0 0.0 0.0 0.0 0.0 0.0 0.0 0.0 0.0 0.0 0.0 0.0 0.0 0.0 0.0 0.0 0.0 0.0 0.0 0.0 0.0 0.0 0.0 0.0 0.0 0.0 0.0 0.0
0.0 0.0 0.0 0.0 0.0 0.0 0.0 0.0 0.0 0.0 0.0 0.0 0.0 0.0 0.298 0.6667 0.6667 0.6667 0.6667 0.6667 0.6667 0.6667 0.6667 0.6667 0.6667 0.6667 0.6667 0.6667 0.6667 0.6667 0.6667 0.6667 0.6667 0.6667 0.0 0.0 0.0 0.0 0.0 0.0 0.0 0.0 0.0 0.0 0.0 0.0 0.0 0.0 0.0 0.0 0.0 0.0 0.0 0.0 0.0 0.0 0.0 0.0 0.0 0.0 0.0 0.0 0.0 0.0 0.0 0.0 0.0 0.0 0.0 0.0 0.0 0.0 0.0 0.0 0.0 0.0 0.0 0.0 0.0 0.0 0.0 0.0 0.0 0.0 0.0 0.0 0.0 0.0 0.0 0.0 0.0 0.0 0.0 0.0 0.0 0.0 0.0 0.0 0.0 0.0 0.0 0.0 0.0 0.0 0.0 0.0 0.0 0.0 0.0 0.0 0.0 0.0 0.0 0.0 0.0 0.0 0.0 0.0 0.0 0.0 0.0 0.0 0.0 0.0 0.0 0.0 0.0 0.0
0.0 0.0 0.0 0.0 0.0 0.0 0.0 0.0 0.0 0.0 0.0 0.0 0.0 0.0 0.2471 0.6667 0.6667 0.6667 0.6667 0.6667 0.6667 0.6667 0.6667 0.6667 0.6667 0.6667 0.6667 0.6667 0.6667 0.6667 0.6667 0.6667 0.6667 0.6667 0.0 0.0 0.0 0.0 0.0 0.0 0.0 0.0 0.0 0.0 0.0 0.0 0.0 0.0 0.0 0.0 0.0 0.0 0.0 0.0 0.0 0.0 0.0 0.0 0.0 0.0 0.0 0.0 0.0 0.0 0.0 0.0 0.0 0.0 0.0 0.0 0.0 0.0 0.0 0.0 0.0 0.0 0.0 0.0 0.0 0.0 0.0 0.0 0.0 0.0 0.0 0.0 0.0 0.0 0.0 0.0 0.0 0.0 0.0 0.0 0.0 0.0 0.0 0.0 0.0 0.0 0.0 0.0 0.0 0.0 0.0 0.0 0.0 0.0 0.0 0.0 0.0 0.0 0.0 0.0 0.0 0.0 0.0 0.0 0.0 0.0 0.0 0.0 0.0 0.0 0.0 0.0 0.0 0.0
0.0 0.0 0.0 0.0 0.0 0.0 0.0 0.0 0.0 0.0 0.0 0.0 0.0 0.0 0.2078 0.6667 0.6667 0.6667 0.6667 0.6667 0.6667 0.6667 0.6667 0.6667 0.6667 0.6667 0.6667 0.6667 0.6667 0.6667 0.6667 0.6667 0.6667 0.6667 0.0 0.0 0.0 0.0 0.0 0.0 0.0 0.0 0.0 0.0 0.0 0.0 0.0 0.0 0.0 0.0 0.0 0.0 0.0 0.0 0.0 0.0 0.0 0.0 0.0 0.0 0.0 0.0 0.0 0.0 0.0 0.0 0.0 0.0 0.0 0.0 0.0 0.0 0.0 0.0 0.0 0.0 0.0 0.0 0.0 0.0 0.0 0.0 0.0 0.0 0.0 0.0 0.0 0.0 0.0 0.0 0.0 0.0 0.0 0.0 0.0 0.0 0.0 0.0 0.0 0.0 0.0 0.0 0.0 0.0 0.0 0.0 0.0 0.0 0.0 0.0 0.0 0.0 0.0 0.0 0.0 0.0 0.0 0.0 0.0 0.0 0.0 0.0 0.0 0.0 0.0 0.0 0.0 0.0
0.0 0.0 0.0 0.0 0.0 0.0 0.0 0.0 0.0 0.0 0.0 0.0 0.0 0.0 0.1725 0.6667 0.6667 0.6667 0.6667 0.6667 0.6667 0.6667 0.6667 0.6667 0.6667 0.6667 0.6667 0.6667 0.6667 0.6667 0.6667 0.6667 0.6667 0.6667 0.0 0.0 0.0 0.0 0.0 0.0 0.0 0.0 0.0 0.0 0.0 0.0 0.0 0.0 0.0 0.0 0.0 0.0 0.0 0.0 0.0 0.0 0.0 0.0 0.0 0.0 0.0 0.0 0.0 0.0 0.0 0.0 0.0 0.0 0.0 0.0 0.0 0.0 0.0 0.0 0.0 0.0 0.0 0.0 0.0 0.0 0.0 0.0 0.0 0.0 0.0 0.0 0.0 0.0 0.0 0.0 0.0 0.0 0.0 0.0 0.0 0.0 0.0 0.0 0.0 0.0 0.0 0.0 0.0 0.0 0.0 0.0 0.0 0.0 0.0 0.0 0.0 0.0 0.0 0.0 0.0 0.0 0.0 0.0 0.0 0.0 0.0 0.0 0.0 0.0 0.0 0.0 0.0 0.0
0.0 0.0 0.0 0.0 0.0 0.0 0.0 0.0 0.0 0.0 0.0 0.0 0.0 0.0 0.1569 0.6667 0.6667 0.6667 0.6667 0.6667 0.6667 0.6667 0.6667 0.6667 0.6667 0.6667 0.6667 0.6667 0.6667 0.6667 0.6667 0.6667 0.6667 0.6667 0.0 0.0 0.0 0.0 0.0 0.0 0.0 0.0 0.0 0.0 0.0 0.0 0.0 0.0 0.0 0.0 0.0 0.0 0.0 0.0 0.0 0.0 0.0 0.0 0.0 0.0 0.0 0.0 0.0 0.0 0.0 0.0 0.0 0.0 0.0 0.0 0.0 0.0 0.0 0.0 0.0 0.0 0.0 0.0 0.0 0.0 0.0 0.0 0.0 0.0 0.0 0.0 0.0 0.0 0.0 0.0 0.0 0.0 0.0 0.0 0.0 0.0 0.0 0.0 0.0 0.0 0.0 0.0 0.0 0.0 0.0 0.0 0.0 0.0 0.0 0.0 0.0 0.0 0.0 0.0 0.0 0.0 0.0 0.0 0.0 0.0 0.0 0.0 0.0 0.0 0.0 0.0 0.0 0.0
0.0 0.0 0.0 0.0 0.0 0.0 0.0 0.0 0.0 0.0 0.0 0.0 0.0 0.0 0.1569 0.6667 0.6667 0.6667 0.6667 0.6667 0.6667 0.6667 0.6667 0.6667 0.6667 0.6667 0.6667 0.6667 0.6667 0.6667 0.6667 0.6667 0.6667 0.6667 0.0 0.0 0.0 0.0 0.0 0.0 0.0 0.0 0.0 0.0 0.0 0.0 0.0 0.0 0.0 0.0 0.0 0.0 0.0 0.0 0.0 0.0 0.0 0.0 0.0 0.0 0.0 0.0 0.0 0.0 0.0 0.0 0.0 0.0 0.0 0.0 0.0 0.0 0.0 0.0 0.0 0.0 0.0 0.0 0.0 0.0 0.0 0.0 0.0 0.0 0.0 0.0 0.0 0.0 0.0 0.0 0.0 0.0 0.0 0.0 0.0 0.0 0.0 0.0 0.0 0.0 0.0 0.0 0.0 0.0 0.0 0.0 0.0 0.0 0.0 0.0 0.0 0.0 0.0 0.0 0.0 0.0 0.0 0.0 0.0 0.0 0.0 0.0 0.0 0.0 0.0 0.0 0.0 0.0
0.0 0.0 0.0 0.0 0.0 0.0 0.0 0.0 0.0 0.0 0.0 0.0 0.0 0.0 0.1569 0.6667 0.6667 0.6667 0.6667 0.6667 0.6667 0.6667 0.6667 0.6667 0.6667 0.6667 0.6667 0.6667 0.6667 0.6667 0.6667 0.6667 0.6667 0.6667 0.0 0.0 0.0 0.0 0.0 0.0 0.0 0.0 0.0 0.0 0.0 0.0 0.0 0.0 0.0 0.0 0.0 0.0 0.0 0.0 0.0 0.0 0.0 0.0 0.0 0.0 0.0 0.0 0.0 0.0 0.0 0.0 0.0 0.0 0.0 0.0 0.0 0.0 0.0 0.0 0.0 0.0 0.0 0.0 0.0 0.0 0.0 0.0 0.0 0.0 0.0 0.0 0.0 0.0 0.0 0.0 0.0 0.0 0.0 0.0 0.0 0.0 0.0 0.0 0.0 0.0 0.0 0.0 0.0 0.0 0.0 0.0 0.0 0.0 0.0 0.0 0.0 0.0 0.0 0.0 0.0 0.0 0.0 0.0 0.0 0.0 0.0 0.0 0.0 0.0 0.0 0.0 0.0 0.0
0.0 0.0 0.0 0.0 0.0 0.0 0.0 0.0 0.0 0.0 0.0 0.0 0.0 0.0 0.166 0.6667 0.6667 0.6667 0.6667 0.6667 0.6667 0.6667 0.6667 0.6667 0.6667 0.6667 0.6667 0.6667 0.6667 0.6667 0.6667 0.6667 0.6667 0.6667 0.0 0.0 0.0 0.0 0.0 0.0 0.0 0.0 0.0 0.0 0.0 0.0 0.0 0.0 0.0 0.0 0.0 0.0 0.0 0.0 0.0 0.0 0.0 0.0 0.0 0.0 0.0 0.0 0.0 0.0 0.0 0.0 0.0 0.0 0.0 0.0 0.0 0.0 0.0 0.0 0.0 0.0 0.0 0.0 0.0 0.0 0.0 0.0 0.0 0.0 0.0 0.0 0.0 0.0 0.0 0.0 0.0 0.0 0.0 0.0 0.0 0.0 0.0 0.0 0.0 0.0 0.0 0.0 0.0 0.0 0.0 0.0 0.0 0.0 0.0 0.0 0.0 0.0 0.0 0.0 0.0 0.0 0.0 0.0 0.0 0.0 0.0 0.0 0.0 0.0 0.0 0.0 0.0 0.0
0.0 0.0 0.0 0.0 0.0 0.0 0.0 0.0 0.0 0.0 0.0 0.0 0.0 0.0 0.2 0.6667 0.6667 0.6667 0.6667 0.6667 0.6667 0.6667 0.6667 0.6667 0.6667 0.6667 0.6667 0.6667 0.6667 0.6667 0.6667 0.6667 0.6667 0.6667 0.0 0.0 0.0 0.0 0.0 0.0 0.0 0.0 0.0 0.0 0.0 0.0 0.0 0.0 0.0 0.0 0.0 0.0 0.0 0.0 0.0 0.0 0.0 0.0 0.0 0.0 0.0 0.0 0.0 0.0 0.0 0.0 0.0 0.0 0.0 0.0 0.0 0.0 0.0 0.0 0.0 0.0 0.0 0.0 0.0 0.0 0.0 0.0 0.0 0.0 0.0 0.0 0.0 0.0 0.0 0.0 0.0 0.0 0.0 0.0 0.0 0.0 0.0 0.0 0.0 0.0 0.0 0.0 0.0 0.0 0.0 0.0 0.0 0.0 0.0 0.0 0.0 0.0 0.0 0.0 0.0 0.0 0.0 0.0 0.0 0.0 0.0 0.0 0.0 0.0 0.0 0.0 0.0 0.0
0.0 0.0 0.0 0.0 0.0 0.0 0.0 0.0 0.0 0.0 0.0 0.0 0.0 0.0 0.2444 0.6667 0.6667 0.6667 0.6667 0.6667 0.6667 0.6667 0.6667 0.6667 0.6667 0.6667 0.6667 0.6667 0.6667 0.6667 0.6667 0.6667 0.6667 0.6667 0.0 0.0 0.0 0.0 0.0 0.0 0.0 0.0 0.0 0.0 0.0 0.0 0.0 0.0 0.0 0.0 0.0 0.0 0.0 0.0 0.0 0.0 0.0 0.0 0.0 0.0 0.0 0.0 0.0 0.0 0.0 0.0 0.0 0.0 0.0 0.0 0.0 0.0 0.0 0.0 0.0 0.0 0.0 0.0 0.0 0.0 0.0 0.0 0.0 0.0 0.0 0.0 0.0 0.0 0.0 0.0 0.0 0.0 0.0 0.0 0.0 0.0 0.0 0.0 0.0 0.0 0.0 0.0 0.0 0.0 0.0 0.0 0.0 0.0 0.0 0.0 0.0 0.0 0.0 0.0 0.0 0.0 0.0 0.0 0.0 0.0 0.0 0.0 0.0 0.0 0.0 0.0 0.0 0.0
0.0 0.0 0.0 0.0 0.0 0.0 0.0 0.0 0.0 0.0 0.0 0.0 0.0 0.0 0.2863 0.6667 0.6667 0.6667 0.6667 0.6667 0.6667 0.6667 0.6667 0.6667 0.6667 0.6667 0.6667 0.6667 0.6667 0.6667 0.6667 0.6667 0.6667 0.6667 0.0 0.0 0.0 0.0 0.0 0.0 0.0 0.0 0.0 0.0 0.0 0.0 0.0 0.0 0.0 0.0 0.0 0.0 0.0 0.0 0.0 0.0 0.0 0.0 0.0 0.0 0.0 0.0 0.0 0.0 0.0 0.0 0.0 0.0 0.0 0.0 0.0 0.0 0.0 0.0 0.0 0.0 0.0 0.0 0.0 0.0 0.0 0.0 0.0 0.0 0.0 0.0 0.0 0.0 0.0 0.0 0.0 0.0 0.0 0.0 0.0 0.0 0.0 0.0 0.0 0.0 0.0 0.0 0.0 0.0 0.0 0.0 0.0 0.0 0.0 0.0 0.0 0.0 0.0 0.0 0.0 0.0 0.0 0.0 0.0 0.0 0.0 0.0 0.0 0.0 0.0 0.0 0.0 0.0
0.0 0.0 0.0 0.0 0.0 0.0 0.0 0.0 0.0 0.0 0.0 0.0 0.0 0.0 0.3608 0.6667 0.6667 0.6667 0.6667 0.6667 0.6667 0.6667 0.6667 0.6667 0.6667 0.6667 0.6667 0.6667 0.6667 0.6667 0.6667 0.6667 0.6667 0.6667 0.6026 0.0 0.0 0.0 0.0 0.0 0.0 0.0 0.0 0.0 0.0 0.0 0.0 0.0 0.0 0.0 0.0 0.0 0.0 0.0 0.0 0.0 0.0 0.0 0.0 0.0 0.0 0.0 0.0 0.0 0.0 0.0 0.0 0.0 0.0 0.0 0.0 0.0 0.0 0.0 0.0 0.0 0.0 0.0 0.0 0.0 0.0 0.0 0.0 0.0 0.0 0.0 0.0 0.0 0.0 0.0 0.0 0.0 0.0 0.0 0.0 0.0 0.0 0.0 0.0 0.0 0.0 0.0 0.0 0.0 0.0 0.0 0.0 0.0 0.0 0.0 0.0 0.0 0.0 0.0 0.0 0.0 0.0 0.0 0.0 0.0 0.0 0.0 0.0 0.0 0.0 0.0 0.0 0.0
0.0 0.0 0.0 0.0 0.0 0.0 0.0 0.0 0.0 0.0 0.0 0.0 0.0 0.0 0.434 0.6667 0.6667 0.6667 0.6667 0.6667 0.6667 0.6667 0.6667 0.6667 0.6667 0.6667 0.6667 0.6667 0.6667 0.6667 0.6667 0.6667 0.6667 0.6667 0.3935 0.0 0.0 0.0 0.0 0.0 0.0 0.0 0.0 0.0 0.0 0.0 0.0 0.0 0.0 0.0 0.0 0.0 0.0 0.0 0.0 0.0 0.0 0.0 0.0 0.0 0.0 0.0 0.0 0.0 0.0 0.0 0.0 0.0 0.0 0.0 0.0 0.0 0.0 0.0 0.0 0.0 0.0 0.0 0.0 0.0 0.0 0.0 0.0 0.0 0.0 0.0 0.0 0.0 0.0 0.0 0.0 0.0 0.0 0.0 0.0 0.0 0.0 0.0 0.0 0.0 0.0 0.0 0.0 0.0 0.0 0.0 0.0 0.0 0.0 0.0 0.0 0.0 0.0 0.0 0.0 0.0 0.0 0.0 0.0 0.0 0.0 0.0 0.0 0.0 0.0 0.0 0.0 0.0
0.0 0.0 0.0 0.0 0.0 0.0 0.0 0.0 0.0 0.0 0.0 0.0 0.0 0.0 0.6301 0.6667 0.6667 0.6667 0.6667 0.6667 0.6667 0.6667 0.6667 0.6667 0.6667 0.6667 0.6667 0.6667 0.6667 0.6667 0.6667 0.6667 0.6667 0.6667 0.6667 0.4484 0.0 0.0 0.0 0.0 0.0 0.0 0.0 0.0 0.0 0.0 0.0 0.0 0.0 0.0 0.0 0.0 0.0 0.0 0.0 0.0 0.0 0.0 0.0 0.0 0.0 0.0 0.0 0.0 0.0 0.0 0.0 0.0 0.0 0.0 0.0 0.0 0.0 0.0 0.0 0.0 0.0 0.0 0.0 0.0 0.0 0.0 0.0 0.0 0.0 0.0 0.0 0.0 0.0 0.0 0.0 0.0 0.0 0.0 0.0 0.0 0.0 0.0 0.0 0.0 0.0 0.0 0.0 0.0 0.0 0.0 0.0 0.0 0.0 0.0 0.0 0.0 0.0 0.0 0.0 0.0 0.0 0.0 0.0 0.0 0.0 0.0 0.0 0.0 0.0 0.0 0.0 0.0
0.0 0.0 0.0 0.0 0.0 0.0 0.0 0.0 0.0 0.0 0.0 0.0 0.0 0.0 0.0 0.6667 0.6667 0.6667 0.6667 0.6667 0.6667 0.6667 0.6667 0.6667 0.6667 0.6667 0.6667 0.6667 0.6667 0.6667 0.6667 0.6667 0.6667 0.6667 0.6667 0.1451 0.6353 0.0 0.0 0.0 0.0 0.0 0.0 0.0 0.0 0.0 0.0 0.0 0.0 0.0 0.0 0.0 0.0 0.0 0.0 0.0 0.0 0.0 0.0 0.0 0.0 0.0 0.0 0.0 0.0 0.0 0.0 0.0 0.0 0.0 0.0 0.0 0.0 0.0 0.0 0.0 0.0 0.0 0.0 0.0 0.0 0.0 0.0 0.0 0.0 0.0 0.0 0.0 0.0 0.0 0.0 0.0 0.0 0.0 0.0 0.0 0.0 0.0 0.0 0.0 0.0 0.0 0.0 0.0 0.0 0.0 0.0 0.0 0.0 0.0 0.0 0.0 0.0 0.0 0.0 0.0 0.0 0.0 0.0 0.0 0.0 0.0 0.0 0.0 0.0 0.0 0.0 0.0
0.0 0.0 0.0 0.0 0.0 0.0 0.0 0.0 0.0 0.0 0.0 0.0 0.0 0.0 0.0 0.6667 0.6667 0.6667 0.6667 0.6667 0.6667 0.6667 0.6667 0.6667 0.6667 0.6667 0.6667 0.6667 0.6667 0.6667 0.6667 0.6667 0.6667 0.6667 0.6667 0.6667 0.3255 0.0 0.0 0.0 0.0 0.0 0.0 0.0 0.0 0.0 0.0 0.0 0.0 0.0 0.0 0.0 0.0 0.0 0.0 0.0 0.0 0.0 0.0 0.0 0.0 0.0 0.0 0.0 0.0 0.0 0.0 0.0 0.0 0.0 0.0 0.0 0.0 0.0 0.0 0.0 0.0 0.0 0.0 0.0 0.0 0.0 0.0 0.0 0.0 0.0 0.0 0.0 0.0 0.0 0.0 0.0 0.0 0.0 0.0 0.0 0.0 0.0 0.0 0.0 0.0 0.0 0.0 0.0 0.0 0.0 0.0 0.0 0.0 0.0 0.0 0.0 0.0 0.0 0.0 0.0 0.0 0.0 0.0 0.0 0.0 0.0 0.0 0.0 0.0 0.0 0.0 0.0
0.0 0.0 0.0 0.0 0.0 0.0 0.0 0.0 0.0 0.0 0.0 0.0 0.0 0.0 0.0 0.6667 0.6667 0.6667 0.6667 0.6667 0.6667 0.6667 0.6667 0.6667 0.6667 0.6667 0.6667 0.6667 0.6667 0.6667 0.6667 0.6667 0.6667 0.6667 0.6667 0.6667 0.6667 0.0 0.0 0.0 0.0 0.0 0.0 0.0 0.0 0.0 0.0 0.0 0.0 0.0 0.0 0.0 0.0 0.0 0.0 0.0 0.0 0.0 0.0 0.0 0.0 0.0 0.0 0.0 0.0 0.0 0.0 0.0 0.0 0.0 0.0 0.0 0.0 0.0 0.0 0.0 0.0 0.0 0.0 0.0 0.0 0.0 0.0 0.0 0.0 0.0 0.0 0.0 0.0 0.0 0.0 0.0 0.0 0.0 0.0 0.0 0.0 0.0 0.0 0.0 0.0 0.0 0.0 0.0 0.0 0.0 0.0 0.0 0.0 0.0 0.0 0.0 0.0 0.0 0.0 0.0 0.0 0.0 0.0 0.0 0.0 0.0 0.0 0.0 0.0 0.0 0.0 0.0
0.0 0.0 0.0 0.0 0.0 0.0 0.0 0.0 0.0 0.0 0.0 0.0 0.0 0.0 0.0 0.6667 0.6667 0.6667 0.6667 0.6667 0.6667 0.6667 0.6667 0.6667 0.6667 0.6667 0.6667 0.6667 0.6667 0.6667 0.6667 0.6667 0.6667 0.6667 0.6667 0.6667 0.6667 0.0 0.0 0.0 0.0 0.0 0.0 0.0 0.0 0.0 0.0 0.0 0.0 0.0 0.0 0.0 0.0 0.0 0.0 0.0 0.0 0.0 0.0 0.0 0.0 0.0 0.0 0.0 0.0 0.0 0.0 0.0 0.0 0.0 0.0 0.0 0.0 0.0 0.0 0.0 0.0 0.0 0.0 0.0 0.0 0.0 0.0 0.0 0.0 0.0 0.0 0.0 0.0 0.0 0.0 0.0 0.0 0.0 0.0 0.0 0.0 0.0 0.0 0.0 0.0 0.0 0.0 0.0 0.0 0.0 0.0 0.0 0.0 0.0 0.0 0.0 0.0 0.0 0.0 0.0 0.0 0.0 0.0 0.0 0.0 0.0 0.0 0.0 0.0 0.0 0.0 0.0
0.0 0.0 0.0 0.0 0.0 0.0 0.0 0.0 0.0 0.0 0.0 0.0 0.0 0.0 0.0 0.1725 0.6667 0.6667 0.6667 0.6667 0.6667 0.6667 0.6667 0.6667 0.6667 0.6667 0.6667 0.6667 0.6667 0.6667 0.6667 0.6667 0.6667 0.6667 0.6667 0.6667 0.6667 0.5346 0.0 0.0 0.0 0.0 0.0 0.0 0.0 0.0 0.0 0.0 0.0 0.0 0.0 0.0 0.0 0.0 0.0 0.0 0.0 0.0 0.0 0.0 0.0 0.0 0.0 0.0 0.0 0.0 0.0 0.0 0.0 0.0 0.0 0.0 0.0 0.0 0.0 0.0 0.0 0.0 0.0 0.0 0.0 0.0 0.0 0.0 0.0 0.0 0.0 0.0 0.0 0.0 0.0 0.0 0.0 0.0 0.0 0.0 0.0 0.0 0.0 0.0 0.0 0.0 0.0 0.0 0.0 0.0 0.0 0.0 0.0 0.0 0.0 0.0 0.0 0.0 0.0 0.0 0.0 0.0 0.0 0.0 0.0 0.0 0.0 0.0 0.0 0.0 0.0 0.0
0.0 0.0 0.0 0.0 0.0 0.0 0.0 0.0 0.0 0.0 0.0 0.0 0.0 0.0 0.0 0.3582 0.6667 0.6667 0.6667 0.6667 0.6667 0.6667 0.6667 0.6667 0.6667 0.6667 0.6667 0.6667 0.6667 0.6667 0.6667 0.6667 0.6667 0.6667 0.6667 0.6667 0.6667 0.1072 0.4732 0.0 0.0 0.0 0.0 0.0 0.0 0.0 0.0 0.0 0.0 0.0 0.0 0.0 0.0 0.0 0.0 0.0 0.0 0.0 0.0 0.0 0.0 0.0 0.0 0.0 0.0 0.0 0.0 0.0 0.0 0.0 0.0 0.0 0.0 0.0 0.0 0.0 0.0 0.0 0.0 0.0 0.0 0.0 0.0 0.0 0.0 0.0 0.0 0.0 0.0 0.0 0.0 0.0 0.0 0.0 0.0 0.0 0.0 0.0 0.0 0.0 0.0 0.0 0.0 0.0 0.0 0.0 0.0 0.0 0.0 0.0 0.0 0.0 0.0 0.0 0.0 0.0 0.0 0.0 0.0 0.0 0.0 0.0 0.0 0.0 0.0 0.0 0.0 0.0
0.0 0.0 0.0 0.0 0.0 0.0 0.0 0.0 0.0 0.0 0.0 0.0 0.0 0.0 0.0 0.5503 0.6667 0.6667 0.6667 0.6667 0.6667 0.6667 0.6667 0.6667 0.6667 0.6667 0.6667 0.6667 0.6667 0.6667 0.6667 0.6667 0.6667 0.6667 0.6667 0.6667 0.6667 0.6667 0.6667 0.3268 0.0 0.0 0.0 0.0 0.0 0.0 0.0 0.0 0.0 0.0 0.0 0.0 0.0 0.0 0.0 0.0 0.0 0.0 0.0 0.0 0.0 0.0 0.0 0.0 0.0 0.0 0.0 0.0 0.0 0.0 0.0 0.0 0.0 0.0 0.0 0.0 0.0 0.0 0.0 0.0 0.0 0.0 0.0 0.0 0.0 0.0 0.0 0.0 0.0 0.0 0.0 0.0 0.0 0.0 0.0 0.0 0.0 0.0 0.0 0.0 0.0 0.0 0.0 0.0 0.0 0.0 0.0 0.0 0.0 0.0 0.0 0.0 0.0 0.0 0.0 0.0 0.0 0.0 0.0 0.0 0.0 0.0 0.0 0.0 0.0 0.0 0.0 0.0
0.0 0.0 0.0 0.0 0.0 0.0 0.0 0.0 0.0 0.0 0.0 0.0 0.0 0.0 0.0 0.0 0.1791 0.6667 0.6667 0.6667 0.6667 0.6667 0.6667 0.6667 0.6667 0.6667 0.6667 0.6667 0.6667 0.6667 0.6667 0.6667 0.6667 0.6667 0.6667 0.6667 0.6667 0.6667 0.6667 0.6667 0.4484 0.6575 0.0 0.0 0.0 0.0 0.0 0.0 0.0 0.0 0.0 0.0 0.0 0.0 0.0 0.0 0.0 0.0 0.0 0.0 0.0 0.0 0.0 0.0 0.0 0.0 0.0 0.0 0.0 0.0 0.0 0.0 0.0 0.0 0.0 0.0 0.0 0.0 0.0 0.0 0.0 0.0 0.0 0.0 0.0 0.0 0.0 0.0 0.0 0.0 0.0 0.0 0.0 0.0 0.0 0.0 0.0 0.0 0.0 0.0 0.0 0.0 0.0 0.0 0.0 0.0 0.0 0.0 0.0 0.0 0.0 0.0 0.0 0.0 0.0 0.0 0.0 0.0 0.0 0.0 0.0 0.0 0.0 0.0 0.0 0.0 0.0 0.0
0.0 0.0 0.0 0.0 0.0 0.0 0.0 0.0 0.0 0.0 0.0 0.0 0.0 0.0 0.0 0.0 0.4118 0.6667 0.6667 0.6667 0.6667 0.6667 0.6667 0.6667 0.6667 0.6667 0.6667 0.6667 0.6667 0.6667 0.6667 0.6667 0.6667 0.6667 0.6667 0.6667 0.6667 0.6667 0.6667 0.6667 0.6667 0.1608 0.3974 0.6052 0.0 0.0 0.0 0.0 0.0 0.0 0.0 0.0 0.0 0.0 0.0 0.0 0.0 0.0 0.0 0.0 0.0 0.0 0.0 0.0 0.0 0.0 0.0 0.0 0.0 0.0 0.0 0.0 0.0 0.0 0.0 0.0 0.0 0.0 0.0 0.0 0.0 0.0 0.0 0.0 0.0 0.0 0.0 0.0 0.0 0.0 0.0 0.0 0.0 0.0 0.0 0.0 0.0 0.0 0.0 0.0 0.0 0.0 0.0 0.0 0.0 0.0 0.0 0.0 0.0 0.0 0.0 0.0 0.0 0.0 0.0 0.0 0.0 0.0 0.0 0.0 0.0 0.0 0.0 0.0 0.0 0.0 0.0 0.0
0.0 0.0 0.0 0.0 0.0 0.0 0.0 0.0 0.0 0.0 0.0 0.0 0.0 0.0 0.0 0.0 0.6235 0.1072 0.6667 0.6667 0.6667 0.6667 0.6667 0.6667 0.6667 0.6667 0.6667 0.6667 0.6667 0.6667 0.6667 0.6667 0.6667 0.6667 0.6667 0.6667 0.6667 0.6667 0.6667 0.6667 0.6667 0.6667 0.6667 0.0889 0.3451 0.5686 0.5935 0.5935 0.5935 0.5935 0.5935 0.5935 0.5935 0.5935 0.5935 0.5935 0.5935 0.5935 0.5935 0.5935 0.5935 0.5935 0.5935 0.5935 0.5935 0.5935 0.5935 0.5935 0.5935 0.5935 0.5935 0.5935 0.5935 0.5935 0.5935 0.5935 0.5935 0.5935 0.5935 0.5935 0.5935 0.5935 0.5935 0.5935 0.5935 0.5935 0.5935 0.5935 0.5935 0.5935 0.5935 0.5935 0.5935 0.5935 0.5935 0.5935 0.5935 0.5935 0.5935 0.5935 0.5935 0.5935 0.5935 0.5935 0.5935 0.5935 0.5935 0.5935 0.5935 0.5935 0.5935 0.5935 0.6575 0.0 0.0 0.0 0.0 0.0 0.0 0.0 0.0 0.0 0.0 0.0 0.0 0.0 0.0 0.0
0.0 0.0 0.0 0.0 0.0 0.0 0.0 0.0 0.0 0.0 0.0 0.0 0.0 0.0 0.0 0.0 0.0 0.3268 0.6667 0.6667 0.6667 0.6667 0.6667 0.6667 0.6667 0.6667 0.6667 0.6667 0.6667 0.6667 0.6667 0.6667 0.6667 0.6667 0.6667 0.6667 0.6667 0.6667 0.6667 0.6667 0.6667 0.6667 0.6667 0.6667 0.6667 0.6667 0.6667 0.6667 0.6667 0.6667 0.6667 0.6667 0.6667 0.6667 0.6667 0.6667 0.6667 0.6667 0.6667 0.6667 0.6667 0.6667 0.6667 0.6667 0.6667 0.6667 0.6667 0.6667 0.6667 0.6667 0.6667 0.6667 0.6667 0.6667 0.6667 0.6667 0.6667 0.6667 0.6667 0.6667 0.6667 0.6667 0.6667 0.6667 0.6667 0.6667 0.6667 0.6667 0.6667 0.6667 0.6667 0.6667 0.6667 0.6667 0.6667 0.6667 0.6667 0.6667 0.6667 0.6667 0.6667 0.6667 0.6667 0.6667 0.6667 0.6667 0.6667 0.6667 0.6667 0.6667 0.6667 0.6667 0.5935 0.0 0.0 0.0 0.0 0.0 0.0 0.0 0.0 0.0 0.0 0.0 0.0 0.0 0.0 0.0
0.0 0.0 0.0 0.0 0.0 0.0 0.0 0.0 0.0 0.0 0.0 0.0 0.0 0.0 0.0 0.0 0.0 0.5869 0.0941 0.6667 0.6667 0.6667 0.6667 0.6667 0.6667 0.6667 0.6667 0.6667 0.6667 0.6667 0.6667 0.6667 0.6667 0.6667 0.6667 0.6667 0.6667 0.6667 0.6667 0.6667 0.6667 0.6667 0.6667 0.6667 0.6667 0.6667 0.6667 0.6667 0.6667 0.6667 0.6667 0.6667 0.6667 0.6667 0.6667 0.6667 0.6667 0.6667 0.6667 0.6667 0.6667 0.6667 0.6667 0.6667 0.6667 0.6667 0.6667 0.6667 0.6667 0.6667 0.6667 0.6667 0.6667 0.6667 0.6667 0.6667 0.6667 0.6667 0.6667 0.6667 0.6667 0.6667 0.6667 0.6667 0.6667 0.6667 0.6667 0.6667 0.6667 0.6667 0.6667 0.6667 0.6667 0.6667 0.6667 0.6667 0.6667 0.6667 0.6667 0.6667 0.6667 0.6667 0.6667 0.6667 0.6667 0.6667 0.6667 0.6667 0.6667 0.6667 0.6667 0.6667 0.5935 0.0 0.0 0.0 0.0 0.0 0.0 0.0 0.0 0.0 0.0 0.0 0.0 0.0 0.0 0.0
0.0 0.0 0.0 0.0 0.0 0.0 0.0 0.0 0.0 0.0 0.0 0.0 0.0 0.0 0.0 0.0 0.0 0.0 0.3098 0.6667 0.6667 0.6667 0.6667 0.6667 0.6667 0.6667 0.6667 0.6667 0.6667 0.6667 0.6667 0.6667 0.6667 0.6667 0.6667 0.6667 0.6667 0.6667 0.6667 0.6667 0.6667 0.6667 0.6667 0.6667 0.6667 0.6667 0.6667 0.6667 0.6667 0.6667 0.6667 0.6667 0.6667 0.6667 0.6667 0.6667 0.6667 0.6667 0.6667 0.6667 0.6667 0.6667 0.6667 0.6667 0.6667 0.6667 0.6667 0.6667 0.6667 0.6667 0.6667 0.6667 0.6667 0.6667 0.6667 0.6667 0.6667 0.6667 0.6667 0.6667 0.6667 0.6667 0.6667 0.6667 0.6667 0.6667 0.6667 0.6667 0.6667 0.6667 0.6667 0.6667 0.6667 0.6667 0.6667 0.6667 0.6667 0.6667 0.6667 0.6667 0.6667 0.6667 0.6667 0.6667 0.6667 0.6667 0.6667 0.6667 0.6667 0.6667 0.6667 0.6667 0.5935 0.0 0.0 0.0 0.0 0.0 0.0 0.0 0.0 0.0 0.0 0.0 0.0 0.0 0.0 0.0
0.0 0.0 0.0 0.0 0.0 0.0 0.0 0.0 0.0 0.0 0.0 0.0 0.0 0.0 0.0 0.0 0.0 0.0 0.5987 0.6667 0.6667 0.6667 0.6667 0.6667 0.6667 0.6667 0.6667 0.6667 0.6667 0.6667 0.6667 0.6667 0.6667 0.6667 0.6667 0.6667 0.6667 0.6667 0.6667 0.6667 0.6667 0.6667 0.6667 0.6667 0.6667 0.6667 0.6667 0.6667 0.6667 0.6667 0.6667 0.6667 0.6667 0.6667 0.6667 0.6667 0.6667 0.6667 0.6667 0.6667 0.6667 0.6667 0.6667 0.6667 0.6667 0.6667 0.6667 0.6667 0.6667 0.6667 0.6667 0.6667 0.6667 0.6667 0.6667 0.6667 0.6667 0.6667 0.6667 0.6667 0.6667 0.6667 0.6667 0.6667 0.6667 0.6667 0.6667 0.6667 0.6667 0.6667 0.6667 0.6667 0.6667 0.6667 0.6667 0.6667 0.6667 0.6667 0.6667 0.6667 0.6667 0.6667 0.6667 0.6667 0.6667 0.6667 0.6667 0.6667 0.6667 0.6667 0.6667 0.6667 0.5935 0.0 0.0 0.0 0.0 0.0 0.0 0.0 0.0 0.0 0.0 0.0 0.0 0.0 0.0 0.0
0.0 0.0 0.0 0.0 0.0 0.0 0.0 0.0 0.0 0.0 0.0 0.0 0.0 0.0 0.0 0.0 0.0 0.0 0.0 0.6667 0.6667 0.6667 0.6667 0.6667 0.6667 0.6667 0.6667 0.6667 0.6667 0.6667 0.6667 0.6667 0.6667 0.6667 0.6667 0.6667 0.6667 0.6667 0.6667 0.6667 0.6667 0.6667 0.6667 0.6667 0.6667 0.6667 0.6667 0.6667 0.6667 0.6667 0.6667 0.6667 0.6667 0.6667 0.6667 0.6667 0.6667 0.6667 0.6667 0.6667 0.6667 0.6667 0.6667 0.6667 0.6667 0.6667 0.6667 0.6667 0.6667 0.6667 0.6667 0.6667 0.6667 0.6667 0.6667 0.6667 0.6667 0.6667 0.6667 0.6667 0.6667 0.6667 0.6667 0.6667 0.6667 0.6667 0.6667 0.6667 0.6667 0.6667 0.6667 0.6667 0.6667 0.6667 0.6667 0.6667 0.6667 0.6667 0.6667 0.6667 0.6667 0.6667 0.6667 0.6667 0.6667 0.6667 0.6667 0.6667 0.6667 0.6667 0.6667 0.6667 0.5935 0.0 0.0 0.0 0.0 0.0 0.0 0.0 0.0 0.0 0.0 0.0 0.0 0.0 0.0 0.0
0.0 0.0 0.0 0.0 0.0 0.0 0.0 0.0 0.0 0.0 0.0 0.0 0.0 0.0 0.0 0.0 0.0 0.0 0.0 0.6667 0.6667 0.6667 0.6667 0.6667 0.6667 0.6667 0.6667 0.6667 0.6667 0.6667 0.6667 0.6667 0.6667 0.6667 0.6667 0.6667 0.6667 0.6667 0.6667 0.6667 0.6667 0.6667 0.6667 0.6667 0.6667 0.6667 0.6667 0.6667 0.6667 0.6667 0.6667 0.6667 0.6667 0.6667 0.6667 0.6667 0.6667 0.6667 0.6667 0.6667 0.6667 0.6667 0.6667 0.6667 0.6667 0.6667 0.6667 0.6667 0.6667 0.6667 0.6667 0.6667 0.6667 0.6667 0.6667 0.6667 0.6667 0.6667 0.6667 0.6667 0.6667 0.6667 0.6667 0.6667 0.6667 0.6667 0.6667 0.6667 0.6667 0.6667 0.6667 0.6667 0.6667 0.6667 0.6667 0.6667 0.6667 0.6667 0.6667 0.6667 0.6667 0.6667 0.6667 0.6667 0.6667 0.6667 0.6667 0.6667 0.6667 0.6667 0.6667 0.6667 0.5935 0.0 0.0 0.0 0.0 0.0 0.0 0.0 0.0 0.0 0.0 0.0 0.0 0.0 0.0 0.0
0.0 0.0 0.0 0.0 0.0 0.0 0.0 0.0 0.0 0.0 0.0 0.0 0.0 0.0 0.0 0.0 0.0 0.0 0.0 0.2941 0.6667 0.6667 0.6667 0.6667 0.6667 0.6667 0.6667 0.6667 0.6667 0.6667 0.6667 0.6667 0.6667 0.6667 0.6667 0.6667 0.6667 0.6667 0.6667 0.6667 0.6667 0.6667 0.6667 0.6667 0.6667 0.6667 0.6667 0.6667 0.6667 0.6667 0.6667 0.6667 0.6667 0.6667 0.6667 0.6667 0.6667 0.6667 0.6667 0.6667 0.6667 0.6667 0.6667 0.6667 0.6667 0.6667 0.6667 0.6667 0.6667 0.6667 0.6667 0.6667 0.6667 0.6667 0.6667 0.6667 0.6667 0.6667 0.6667 0.6667 0.6667 0.6667 0.6667 0.6667 0.6667 0.6667 0.6667 0.6667 0.6667 0.6667 0.6667 0.6667 0.6667 0.6667 0.6667 0.6667 0.6667 0.6667 0.6667 0.6667 0.6667 0.6667 0.6667 0.6667 0.6667 0.6667 0.6667 0.6667 0.6667 0.6667 0.6667 0.6667 0.5935 0.0 0.0 0.0 0.0 0.0 0.0 0.0 0.0 0.0 0.0 0.0 0.0 0.0 0.0 0.0
0.0 0.0 0.0 0.0 0.0 0.0 0.0 0.0 0.0 0.0 0.0 0.0 0.0 0.0 0.0 0.0 0.0 0.0 0.0 0.6327 0.1595 0.6667 0.6667 0.6667 0.6667 0.6667 0.6667 0.6667 0.6667 0.6667 0.6667 0.6667 0.6667 0.6667 0.6667 0.6667 0.6667 0.6667 0.6667 0.6667 0.6667 0.6667 0.6667 0.6667 0.6667 0.6667 0.6667 0.6667 0.6667 0.6667 0.6667 0.6667 0.6667 0.6667 0.6667 0.6667 0.6667 0.6667 0.6667 0.6667 0.6667 0.6667 0.6667 0.6667 0.6667 0.6667 0.6667 0.6667 0.6667 0.6667 0.6667 0.6667 0.6667 0.6667 0.6667 0.6667 0.6667 0.6667 0.6667 0.6667 0.6667 0.6667 0.6667 0.6667 0.6667 0.6667 0.6667 0.6667 0.6667 0.6667 0.6667 0.6667 0.6667 0.6667 0.6667 0.6667 0.6667 0.6667 0.6667 0.6667 0.6667 0.6667 0.6667 0.6667 0.6667 0.6667 0.6667 0.6667 0.6667 0.6667 0.6667 0.6667 0.5935 0.0 0.0 0.0 0.0 0.0 0.0 0.0 0.0 0.0 0.0 0.0 0.0 0.0 0.0 0.0
0.0 0.0 0.0 0.0 0.0 0.0 0.0 0.0 0.0 0.0 0.0 0.0 0.0 0.0 0.0 0.0 0.0 0.0 0.0 0.0 0.5399 0.0967 0.6667 0.6667 0.6667 0.6667 0.6667 0.6667 0.6667 0.6667 0.6667 0.6667 0.6667 0.6667 0.6667 0.6667 0.6667 0.6667 0.6667 0.6667 0.6667 0.6667 0.6667 0.6667 0.6667 0.6667 0.6667 0.6667 0.6667 0.6667 0.6667 0.6667 0.6667 0.6667 0.6667 0.6667 0.6667 0.6667 0.6667 0.6667 0.6667 0.6667 0.6667 0.6667 0.6667 0.6667 0.6667 0.6667 0.6667 0.6667 0.6667 0.6667 0.6667 0.6667 0.6667 0.6667 0.6667 0.6667 0.6667 0.6667 0.6667 0.6667 0.6667 0.6667 0.6667 0.6667 0.6667 0.6667 0.6667 0.6667 0.6667 0.6667 0.6667 0.6667 0.6667 0.6667 0.6667 0.6667 0.6667 0.6667 0.6667 0.6667 0.6667 0.6667 0.6667 0.6667 0.6667 0.6667 0.6667 0.6667 0.6667 0.6667 0.5935 0.0 0.0 0.0 0.0 0.0 0.0 0.0 0.0 0.0 0.0 0.0 0.0 0.0 0.0 0.0
0.0 0.0 0.0 0.0 0.0 0.0 0.0 0.0 0.0 0.0 0.0 0.0 0.0 0.0 0.0 0.0 0.0 0.0 0.0 0.0 0.0 0.4261 0.6667 0.6667 0.6667 0.6667 0.6667 0.6667 0.6667 0.6667 0.6667 0.6667 0.6667 0.6667 0.6667 0.6667 0.6667 0.6667 0.6667 0.6667 0.6667 0.6667 0.6667 0.6667 0.6667 0.6667 0.6667 0.6667 0.6667 0.6667 0.6667 0.6667 0.6667 0.6667 0.6667 0.6667 0.6667 0.6667 0.6667 0.6667 0.6667 0.6667 0.6667 0.6667 0.6667 0.6667 0.6667 0.6667 0.6667 0.6667 0.6667 0.6667 0.6667 0.6667 0.6667 0.6667 0.6667 0.6667 0.6667 0.6667 0.6667 0.6667 0.6667 0.6667 0.6667 0.6667 0.6667 0.6667 0.6667 0.6667 0.6667 0.6667 0.6667 0.6667 0.6667 0.6667 0.6667 0.6667 0.6667 0.6667 0.6667 0.6667 0.6667 0.6667 0.6667 0.6667 0.6667 0.6667 0.6667 0.6667 0.6667 0.6667 0.5935 0.0 0.0 0.0 0.0 0.0 0.0 0.0 0.0 0.0 0.0 0.0 0.0 0.0 0.0 0.0
0.0 0.0 0.0 0.0 0.0 0.0 0.0 0.0 0.0 0.0 0.0 0.0 0.0 0.0 0.0 0.0 0.0 0.0 0.0 0.0 0.0 0.0 0.6667 0.6667 0.6667 0.6667 0.6667 0.6667 0.6667 0.6667 0.6667 0.6667 0.6667 0.6667 0.6667 0.6667 0.6667 0.6667 0.6667 0.6667 0.6667 0.6667 0.6667 0.6667 0.6667 0.6667 0.6667 0.6667 0.6667 0.6667 0.6667 0.6667 0.6667 0.6667 0.6667 0.6667 0.6667 0.6667 0.6667 0.6667 0.6667 0.6667 0.6667 0.6667 0.6667 0.6667 0.6667 0.6667 0.6667 0.6667 0.6667 0.6667 0.6667 0.6667 0.6667 0.6667 0.6667 0.6667 0.6667 0.6667 0.6667 0.6667 0.6667 0.6667 0.6667 0.6667 0.6667 0.6667 0.6667 0.6667 0.6667 0.6667 0.6667 0.6667 0.6667 0.6667 0.6667 0.6667 0.6667 0.6667 0.6667 0.6667 0.6667 0.6667 0.6667 0.6667 0.6667 0.6667 0.6667 0.6667 0.6667 0.6667 0.5935 0.0 0.0 0.0 0.0 0.0 0.0 0.0 0.0 0.0 0.0 0.0 0.0 0.0 0.0 0.0
0.0 0.0 0.0 0.0 0.0 0.0 0.0 0.0 0.0 0.0 0.0 0.0 0.0 0.0 0.0 0.0 0.0 0.0 0.0 0.0 0.0 0.0 0.6667 0.6667 0.6667 0.6667 0.6667 0.6667 0.6667 0.6667 0.6667 0.6667 0.6667 0.6667 0.6667 0.6667 0.6667 0.6667 0.6667 0.6667 0.6667 0.6667 0.6667 0.6667 0.6667 0.6667 0.6667 0.6667 0.6667 0.6667 0.6667 0.6667 0.6667 0.6667 0.6667 0.6667 0.6667 0.6667 0.6667 0.6667 0.6667 0.6667 0.6667 0.6667 0.6667 0.6667 0.6667 0.6667 0.6667 0.6667 0.6667 0.6667 0.6667 0.6667 0.6667 0.6667 0.6667 0.6667 0.6667 0.6667 0.6667 0.6667 0.6667 0.6667 0.6667 0.6667 0.6667 0.6667 0.6667 0.6667 0.6667 0.6667 0.6667 0.6667 0.6667 0.6667 0.6667 0.6667 0.6667 0.6667 0.6667 0.6667 0.6667 0.6667 0.6667 0.6667 0.6667 0.6667 0.6667 0.6667 0.6667 0.6667 0.5935 0.0 0.0 0.0 0.0 0.0 0.0 0.0 0.0 0.0 0.0 0.0 0.0 0.0 0.0 0.0
0.0 0.0 0.0 0.0 0.0 0.0 0.0 0.0 0.0 0.0 0.0 0.0 0.0 0.0 0.0 0.0 0.0 0.0 0.0 0.0 0.0 0.0 0.234 0.6667 0.6667 0.6667 0.6667 0.6667 0.6667 0.6667 0.6667 0.6667 0.6667 0.6667 0.6667 0.6667 0.6667 0.6667 0.6667 0.6667 0.6667 0.6667 0.6667 0.6667 0.6667 0.6667 0.6667 0.6667 0.6667 0.6667 0.6667 0.6667 0.6667 0.6667 0.6667 0.6667 0.6667 0.6667 0.6667 0.6667 0.6667 0.6667 0.6667 0.6667 0.6667 0.6667 0.6667 0.6667 0.6667 0.6667 0.6667 0.6667 0.6667 0.6667 0.6667 0.6667 0.6667 0.6667 0.6667 0.6667 0.6667 0.6667 0.6667 0.6667 0.6667 0.6667 0.6667 0.6667 0.6667 0.6667 0.6667 0.6667 0.6667 0.6667 0.6667 0.6667 0.6667 0.6667 0.6667 0.6667 0.6667 0.6667 0.6667 0.6667 0.6667 0.6667 0.6667 0.6667 0.6667 0.6667 0.6667 0.6667 0.5935 0.0 0.0 0.0 0.0 0.0 0.0 0.0 0.0 0.0 0.0 0.0 0.0 0.0 0.0 0.0
0.0 0.0 0.0 0.0 0.0 0.0 0.0 0.0 0.0 0.0 0.0 0.0 0.0 0.0 0.0 0.0 0.0 0.0 0.0 0.0 0.0 0.0 0.6418 0.2157 0.6667 0.6667 0.6667 0.6667 0.6667 0.6667 0.6667 0.6667 0.6667 0.6667 0.6667 0.6667 0.6667 0.6667 0.6667 0.6667 0.6667 0.6667 0.6667 0.6667 0.6667 0.6667 0.6667 0.6667 0.6667 0.6667 0.6667 0.6667 0.6667 0.6667 0.6667 0.6667 0.6667 0.6667 0.6667 0.6667 0.6667 0.6667 0.6667 0.6667 0.6667 0.6667 0.6667 0.6667 0.6667 0.6667 0.6667 0.6667 0.6667 0.6667 0.6667 0.6667 0.6667 0.6667 0.6667 0.6667 0.6667 0.6667 0.6667 0.6667 0.6667 0.6667 0.6667 0.6667 0.6667 0.6667 0.6667 0.6667 0.6667 0.6667 0.6667 0.6667 0.6667 0.6667 0.6667 0.6667 0.6667 0.6667 0.6667 0.6667 0.6667 0.6667 0.6667 0.6667 0.6667 0.6667 0.6667 0.6667 0.5935 0.0 0.0 0.0 0.0 0.0 0.0 0.0 0.0 0.0 0.0 0.0 0.0 0.0 0.0 0.0
0.0 0.0 0.0 0.0 0.0 0.0 0.0 0.0 0.0 0.0 0.0 0.0 0.0 0.0 0.0 0.0 0.0 0.0 0.0 0.0 0.0 0.0 0.0 0.6431 0.2444 0.6667 0.6667 0.6667 0.6667 0.6667 0.6667 0.6667 0.6667 0.6667 0.6667 0.6667 0.6667 0.6667 0.6667 0.6667 0.6667 0.6667 0.6667 0.6667 0.6667 0.6667 0.6667 0.6667 0.6667 0.6667 0.6667 0.6667 0.6667 0.6667 0.6667 0.6667 0.6667 0.6667 0.6667 0.6667 0.6667 0.6667 0.6667 0.6667 0.6667 0.6667 0.6667 0.6667 0.6667 0.6667 0.6667 0.6667 0.6667 0.6667 0.6667 0.6667 0.6667 0.6667 0.6667 0.6667 0.6667 0.6667 0.6667 0.6667 0.6667 0.6667 0.6667 0.6667 0.6667 0.6667 0.6667 0.6667 0.6667 0.6667 0.6667 0.6667 0.6667 0.6667 0.6667 0.6667 0.6667 0.6667 0.6667 0.6667 0.6667 0.6667 0.6667 0.6667 0.6667 0.6667 0.6667 0.6667 0.5935 0.0 0.0 0.0 0.0 0.0 0.0 0.0 0.0 0.0 0.0 0.0 0.0 0.0 0.0 0.0
0.0 0.0 0.0 0.0 0.0 0.0 0.0 0.0 0.0 0.0 0.0 0.0 0.0 0.0 0.0 0.0 0.0 0.0 0.0 0.0 0.0 0.0 0.0 0.0 0.6536 0.2941 0.6667 0.6667 0.6667 0.6667 0.6667 0.6667 0.6667 0.6667 0.6667 0.6667 0.6667 0.6667 0.6667 0.6667 0.6667 0.6667 0.6667 0.6667 0.6667 0.6667 0.6667 0.6667 0.6667 0.6667 0.6667 0.6667 0.6667 0.6667 0.6667 0.6667 0.6667 0.6667 0.6667 0.6667 0.6667 0.6667 0.6667 0.6667 0.6667 0.6667 0.6667 0.6667 0.6667 0.6667 0.6667 0.6667 0.6667 0.6667 0.6667 0.6667 0.6667 0.6667 0.6667 0.6667 0.6667 0.6667 0.6667 0.6667 0.6667 0.6667 0.6667 0.6667 0.6667 0.6667 0.6667 0.6667 0.6667 0.6667 0.6667 0.6667 0.6667 0.6667 0.6667 0.6667 0.6667 0.6667 0.6667 0.6667 0.6667 0.6667 0.6667 0.6667 0.6667 0.6667 0.6667 0.6667 0.5935 0.0 0.0 0.0 0.0 0.0 0.0 0.0 0.0 0.0 0.0 0.0 0.0 0.0 0.0 0.0
0.0 0.0 0.0 0.0 0.0 0.0 0.0 0.0 0.0 0.0 0.0 0.0 0.0 0.0 0.0 0.0 0.0 0.0 0.0 0.0 0.0 0.0 0.0 0.0 0.0 0.6641 0.6667 0.6667 0.6667 0.6667 0.6667 0.6667 0.6667 0.6667 0.6667 0.6667 0.6667 0.6667 0.6667 0.6667 0.6667 0.6667 0.6667 0.6667 0.6667 0.6667 0.6667 0.6667 0.6667 0.6667 0.6667 0.6667 0.6667 0.6667 0.6667 0.6667 0.6667 0.6667 0.6667 0.6667 0.6667 0.6667 0.6667 0.6667 0.6667 0.6667 0.6667 0.6667 0.6667 0.6667 0.6667 0.6667 0.6667 0.6667 0.6667 0.6667 0.6667 0.6667 0.6667 0.6667 0.6667 0.6667 0.6667 0.6667 0.6667 0.6667 0.6667 0.6667 0.6667 0.6667 0.6667 0.6667 0.6667 0.6667 0.6667 0.6667 0.6667 0.6667 0.6667 0.6667 0.6667 0.6667 0.6667 0.6667 0.6667 0.6667 0.6667 0.6667 0.6667 0.6667 0.6667 0.6667 0.5935 0.0 0.0 0.0 0.0 0.0 0.0 0.0 0.0 0.0 0.0 0.0 0.0 0.0 0.0 0.0
0.0 0.0 0.0 0.0 0.0 0.0 0.0 0.0 0.0 0.0 0.0 0.0 0.0 0.0 0.0 0.0 0.0 0.0 0.0 0.0 0.0 0.0 0.0 0.0 0.0 0.0 0.4928 0.1229 0.6667 0.6667 0.6667 0.6667 0.6667 0.6667 0.6667 0.6667 0.6667 0.6667 0.6667 0.6667 0.6667 0.6667 0.6667 0.6667 0.6667 0.6667 0.6667 0.6667 0.6667 0.6667 0.6667 0.6667 0.6667 0.6667 0.6667 0.6667 0.6667 0.6667 0.6667 0.6667 0.6667 0.6667 0.6667 0.6667 0.6667 0.6667 0.6667 0.6667 0.6667 0.6667 0.6667 0.6667 0.6667 0.6667 0.6667 0.6667 0.6667 0.6667 0.6667 0.6667 0.6667 0.6667 0.6667 0.6667 0.6667 0.6667 0.6667 0.6667 0.6667 0.6667 0.6667 0.6667 0.6667 0.6667 0.6667 0.6667 0.6667 0.6667 0.6667 0.6667 0.6667 0.6667 0.6667 0.6667 0.6667 0.6667 0.6667 0.6667 0.6667 0.6667 0.6667 0.6667 0.5935 0.0 0.0 0.0 0.0 0.0 0.0 0.0 0.0 0.0 0.0 0.0 0.0 0.0 0.0 0.0
0.0 0.0 0.0 0.0 0.0 0.0 0.0 0.0 0.0 0.0 0.0 0.0 0.0 0.0 0.0 0.0 0.0 0.0 0.0 0.0 0.0 0.0 0.0 0.0 0.0 0.0 0.0 0.5935 0.6667 0.6667 0.6667 0.6667 0.6667 0.6667 0.6667 0.6667 0.6667 0.6667 0.6667 0.6667 0.6667 0.6667 0.6667 0.6667 0.6667 0.6667 0.6667 0.6667 0.6667 0.6667 0.6667 0.6667 0.6667 0.6667 0.6667 0.6667 0.6667 0.6667 0.6667 0.6667 0.6667 0.6667 0.6667 0.6667 0.6667 0.6667 0.6667 0.6667 0.6667 0.6667 0.6667 0.6667 0.6667 0.6667 0.6667 0.6667 0.6667 0.6667 0.6667 0.6667 0.6667 0.6667 0.6667 0.6667 0.6667 0.6667 0.6667 0.6667 0.6667 0.6667 0.6667 0.6667 0.6667 0.6667 0.6667 0.6667 0.6667 0.6667 0.6667 0.6667 0.6667 0.6667 0.6667 0.6667 0.6667 0.6667 0.6667 0.6667 0.6667 0.6667 0.6667 0.6667 0.5935 0.0 0.0 0.0 0.0 0.0 0.0 0.0 0.0 0.0 0.0 0.0 0.0 0.0 0.0 0.0
0.0 0.0 0.0 0.0 0.0 0.0 0.0 0.0 0.0 0.0 0.0 0.0 0.0 0.0 0.0 0.0 0.0 0.0 0.0 0.0 0.0 0.0 0.0 0.0 0.0 0.0 0.0 0.0 0.0 0.2471 0.6667 0.6667 0.6667 0.6667 0.6667 0.6667 0.6667 0.6667 0.6667 0.6667 0.6667 0.6667 0.6667 0.6667 0.6667 0.6667 0.6667 0.6667 0.6667 0.6667 0.6667 0.6667 0.6667 0.6667 0.6667 0.6667 0.6667 0.6667 0.6667 0.6667 0.6667 0.6667 0.6667 0.6667 0.6667 0.6667 0.6667 0.6667 0.6667 0.6667 0.6667 0.6667 0.6667 0.6667 0.6667 0.6667 0.6667 0.6667 0.6667 0.6667 0.6667 0.6667 0.6667 0.6667 0.6667 0.6667 0.6667 0.6667 0.6667 0.6667 0.6667 0.6667 0.6667 0.6667 0.6667 0.6667 0.6667 0.6667 0.6667 0.6667 0.6667 0.6667 0.6667 0.6667 0.6667 0.6667 0.6667 0.6667 0.6667 0.6667 0.6667 0.6667 0.5935 0.0 0.0 0.0 0.0 0.0 0.0 0.0 0.0 0.0 0.0 0.0 0.0 0.0 0.0 0.0
0.0 0.0 0.0 0.0 0.0 0.0 0.0 0.0 0.0 0.0 0.0 0.0 0.0 0.0 0.0 0.0 0.0 0.0 0.0 0.0 0.0 0.0 0.0 0.0 0.0 0.0 0.0 0.0 0.0 0.0 0.5007 0.1817 0.6667 0.6667 0.6667 0.6667 0.6667 0.6667 0.6667 0.6667 0.6667 0.6667 0.6667 0.6667 0.6667 0.6667 0.6667 0.6667 0.6667 0.6667 0.6667 0.6667 0.6667 0.6667 0.6667 0.6667 0.6667 0.6667 0.6667 0.6667 0.6667 0.6667 0.6667 0.6667 0.6667 0.6667 0.6667 0.6667 0.6667 0.6667 0.6667 0.6667 0.6667 0.6667 0.6667 0.6667 0.6667 0.6667 0.6667 0.6667 0.6667 0.6667 0.6667 0.6667 0.6667 0.6667 0.6667 0.6667 0.6667 0.6667 0.6667 0.6667 0.6667 0.6667 0.6667 0.6667 0.6667 0.6667 0.6667 0.6667 0.6667 0.6667 0.6667 0.6667 0.6667 0.6667 0.6667 0.6667 0.6667 0.6667 0.6667 0.6667 0.5935 0.0 0.0 0.0 0.0 0.0 0.0 0.0 0.0 0.0 0.0 0.0 0.0 0.0 0.0 0.0
0.0 0.0 0.0 0.0 0.0 0.0 0.0 0.0 0.0 0.0 0.0 0.0 0.0 0.0 0.0 0.0 0.0 0.0 0.0 0.0 0.0 0.0 0.0 0.0 0.0 0.0 0.0 0.0 0.0 0.0 0.0 0.6614 0.4667 0.6667 0.6667 0.6667 0.6667 0.6667 0.6667 0.6667 0.6667 0.6667 0.6667 0.6667 0.6667 0.6667 0.6667 0.6667 0.6667 0.6667 0.6667 0.6667 0.6667 0.6667 0.6667 0.6667 0.6667 0.6667 0.6667 0.6667 0.6667 0.6667 0.6667 0.6667 0.6667 0.6667 0.6667 0.6667 0.6667 0.6667 0.6667 0.6667 0.6667 0.6667 0.6667 0.6667 0.6667 0.6667 0.6667 0.6667 0.6667 0.6667 0.6667 0.6667 0.6667 0.6667 0.6667 0.6667 0.6667 0.6667 0.6667 0.6667 0.6667 0.6667 0.6667 0.6667 0.6667 0.6667 0.6667 0.6667 0.6667 0.6667 0.6667 0.6667 0.6667 0.6667 0.6667 0.6667 0.6667 0.6667 0.6667 0.6667 0.5935 0.0 0.0 0.0 0.0 0.0 0.0 0.0 0.0 0.0 0.0 0.0 0.0 0.0 0.0 0.0
0.0 0.0 0.0 0.0 0.0 0.0 0.0 0.0 0.0 0.0 0.0 0.0 0.0 0.0 0.0 0.0 0.0 0.0 0.0 0.0 0.0 0.0 0.0 0.0 0.0 0.0 0.0 0.0 0.0 0.0 0.0 0.0 0.0 0.4889 0.6667 0.6667 0.6667 0.6667 0.6667 0.6667 0.6667 0.6667 0.6667 0.6667 0.6667 0.6667 0.6667 0.6667 0.6667 0.6667 0.6667 0.6667 0.6667 0.6667 0.6667 0.6667 0.6667 0.6667 0.6667 0.6667 0.6667 0.6667 0.6667 0.6667 0.6667 0.6667 0.6667 0.6667 0.6667 0.6667 0.6667 0.6667 0.6667 0.6667 0.6667 0.6667 0.6667 0.6667 0.6667 0.6667 0.6667 0.6667 0.6667 0.6667 0.6667 0.6667 0.6667 0.6667 0.6667 0.6667 0.6667 0.6667 0.6667 0.6667 0.6667 0.6667 0.6667 0.6667 0.6667 0.6667 0.6667 0.6667 0.6667 0.6667 0.6667 0.6667 0.6667 0.6667 0.6667 0.6667 0.6667 0.6667 0.5935 0.0 0.0 0.0 0.0 0.0 0.0 0.0 0.0 0.0 0.0 0.0 0.0 0.0 0.0 0.0
0.0 0.0 0.0 0.0 0.0 0.0 0.0 0.0 0.0 0.0 0.0 0.0 0.0 0.0 0.0 0.0 0.0 0.0 0.0 0.0 0.0 0.0 0.0 0.0 0.0 0.0 0.0 0.0 0.0 0.0 0.0 0.0 0.0 0.0 0.5804 0.3582 0.1516 0.6667 0.6667 0.6667 0.6667 0.6667 0.6667 0.6667 0.6667 0.6667 0.6667 0.6667 0.6667 0.6667 0.6667 0.6667 0.6667 0.6667 0.6667 0.6667 0.6667 0.6667 0.6667 0.6667 0.6667 0.6667 0.6667 0.6667 0.6667 0.6667 0.6667 0.6667 0.6667 0.6667 0.6667 0.6667 0.6667 0.6667 0.6667 0.6667 0.6667 0.6667 0.6667 0.6667 0.6667 0.6667 0.6667 0.6667 0.6667 0.6667 0.6667 0.6667 0.6667 0.6667 0.6667 0.6667 0.6667 0.6667 0.6667 0.6667 0.6667 0.6667 0.6667 0.6667 0.6667 0.6667 0.6667 0.6667 0.6667 0.6667 0.6667 0.6667 0.6667 0.6667 0.6667 0.6667 0.5935 0.0 0.0 0.0 0.0 0.0 0.0 0.0 0.0 0.0 0.0 0.0 0.0 0.0 0.0 0.0
0.0 0.0 0.0 0.0 0.0 0.0 0.0 0.0 0.0 0.0 0.0 0.0 0.0 0.0 0.0 0.0 0.0 0.0 0.0 0.0 0.0 0.0 0.0 0.0 0.0 0.0 0.0 0.0 0.0 0.0 0.0 0.0 0.0 0.0 0.0 0.0 0.6641 0.1948 0.6667 0.6667 0.6667 0.6667 0.6667 0.6667 0.6667 0.6667 0.6667 0.6667 0.6667 0.6667 0.6667 0.6667 0.6667 0.6667 0.6667 0.6667 0.6667 0.6667 0.6667 0.6667 0.6667 0.6667 0.6667 0.6667 0.6667 0.6667 0.6667 0.6667 0.6667 0.6667 0.6667 0.6667 0.6667 0.6667 0.6667 0.6667 0.6667 0.6667 0.6667 0.6667 0.6667 0.6667 0.6667 0.6667 0.6667 0.6667 0.6667 0.6667 0.6667 0.6667 0.6667 0.6667 0.6667 0.6667 0.6667 0.6667 0.6667 0.6667 0.6667 0.6667 0.6667 0.6667 0.6667 0.6667 0.6667 0.6667 0.6667 0.6667 0.6667 0.6667 0.6667 0.6667 0.5935 0.0 0.0 0.0 0.0 0.0 0.0 0.0 0.0 0.0 0.0 0.0 0.0 0.0 0.0 0.0
0.0 0.0 0.0 0.0 0.0 0.0 0.0 0.0 0.0 0.0 0.0 0.0 0.0 0.0 0.0 0.0 0.0 0.0 0.0 0.0 0.0 0.0 0.0 0.0 0.0 0.0 0.0 0.0 0.0 0.0 0.0 0.0 0.0 0.0 0.0 0.0 0.0 0.0 0.6196 0.4876 0.2444 0.1438 0.6667 0.6667 0.6667 0.6667 0.6667 0.6667 0.6667 0.6667 0.6667 0.6667 0.6667 0.6667 0.6667 0.6667 0.6667 0.6667 0.6667 0.6667 0.6667 0.6667 0.6667 0.6667 0.6667 0.6667 0.6667 0.6667 0.6667 0.6667 0.6667 0.6667 0.6667 0.6667 0.6667 0.6667 0.6667 0.6667 0.6667 0.6667 0.6667 0.6667 0.6667 0.6667 0.6667 0.6667 0.6667 0.6667 0.6667 0.6667 0.6667 0.6667 0.6667 0.6667 0.6667 0.6667 0.6667 0.6667 0.6667 0.6667 0.6667 0.6667 0.6667 0.6667 0.6667 0.6667 0.6667 0.6667 0.6667 0.6667 0.6667 0.6667 0.5935 0.0 0.0 0.0 0.0 0.0 0.0 0.0 0.0 0.0 0.0 0.0 0.0 0.0 0.0 0.0
0.0 0.0 0.0 0.0 0.0 0.0 0.0 0.0 0.0 0.0 0.0 0.0 0.0 0.0 0.0 0.0 0.0 0.0 0.0 0.0 0.0 0.0 0.0 0.0 0.0 0.0 0.0 0.0 0.0 0.0 0.0 0.0 0.0 0.0 0.0 0.0 0.0 0.0 0.0 0.0 0.0 0.0 0.6353 0.5621 0.4392 0.3477 0.3399 0.3399 0.3399 0.3399 0.3399 0.3399 0.3399 0.3399 0.3399 0.3399 0.3399 0.3399 0.3399 0.3399 0.3399 0.3399 0.3399 0.3399 0.3399 0.3399 0.3399 0.3399 0.3399 0.3399 0.3399 0.3399 0.3399 0.3399 0.3399 0.3399 0.3399 0.3399 0.3399 0.3399 0.3399 0.3399 0.3399 0.3399 0.3399 0.3399 0.3399 0.3399 0.3399 0.3399 0.3399 0.3399 0.3399 0.3399 0.3399 0.3399 0.3399 0.3399 0.3399 0.3399 0.3399 0.3399 0.3399 0.3399 0.3399 0.3399 0.3399 0.3399 0.3399 0.3399 0.3399 0.3399 0.6248 0.0 0.0 0.0 0.0 0.0 0.0 0.0 0.0 0.0 0.0 0.0 0.0 0.0 0.0 0.0
0.0 0.0 0.0 0.0 0.0 0.0 0.0 0.0 0.0 0.0 0.0 0.0 0.0 0.0 0.0 0.0 0.0 0.0 0.0 0.0 0.0 0.0 0.0 0.0 0.0 0.0 0.0 0.0 0.0 0.0 0.0 0.0 0.0 0.0 0.0 0.0 0.0 0.0 0.0 0.0 0.0 0.0 0.0 0.0 0.0 0.0 0.0 0.0 0.0 0.0 0.0 0.0 0.0 0.0 0.0 0.0 0.0 0.0 0.0 0.0 0.0 0.0 0.0 0.0 0.0 0.0 0.0 0.0 0.0 0.0 0.0 0.0 0.0 0.0 0.0 0.0 0.0 0.0 0.0 0.0 0.0 0.0 0.0 0.0 0.0 0.0 0.0 0.0 0.0 0.0 0.0 0.0 0.0 0.0 0.0 0.0 0.0 0.0 0.0 0.0 0.0 0.0 0.0 0.0 0.0 0.0 0.0 0.0 0.0 0.0 0.0 0.0 0.0 0.0 0.0 0.0 0.0 0.0 0.0 0.0 0.0 0.0 0.0 0.0 0.0 0.0 0.0 0.0
0.0 0.0 0.0 0.0 0.0 0.0 0.0 0.0 0.0 0.0 0.0 0.0 0.0 0.0 0.0 0.0 0.0 0.0 0.0 0.0 0.0 0.0 0.0 0.0 0.0 0.0 0.0 0.0 0.0 0.0 0.0 0.0 0.0 0.0 0.0 0.0 0.0 0.0 0.0 0.0 0.0 0.0 0.0 0.0 0.0 0.0 0.0 0.0 0.0 0.0 0.0 0.0 0.0 0.0 0.0 0.0 0.0 0.0 0.0 0.0 0.0 0.0 0.0 0.0 0.0 0.0 0.0 0.0 0.0 0.0 0.0 0.0 0.0 0.0 0.0 0.0 0.0 0.0 0.0 0.0 0.0 0.0 0.0 0.0 0.0 0.0 0.0 0.0 0.0 0.0 0.0 0.0 0.0 0.0 0.0 0.0 0.0 0.0 0.0 0.0 0.0 0.0 0.0 0.0 0.0 0.0 0.0 0.0 0.0 0.0 0.0 0.0 0.0 0.0 0.0 0.0 0.0 0.0 0.0 0.0 0.0 0.0 0.0 0.0 0.0 0.0 0.0 0.0
0.0 0.0 0.0 0.0 0.0 0.0 0.0 0.0 0.0 0.0 0.0 0.0 0.0 0.0 0.0 0.0 0.0 0.0 0.0 0.0 0.0 0.0 0.0 0.0 0.0 0.0 0.0 0.0 0.0 0.0 0.0 0.0 0.0 0.0 0.0 0.0 0.0 0.0 0.0 0.0 0.0 0.0 0.0 0.0 0.0 0.0 0.0 0.0 0.0 0.0 0.0 0.0 0.0 0.0 0.0 0.0 0.0 0.0 0.0 0.0 0.0 0.0 0.0 0.0 0.0 0.0 0.0 0.0 0.0 0.0 0.0 0.0 0.0 0.0 0.0 0.0 0.0 0.0 0.0 0.0 0.0 0.0 0.0 0.0 0.0 0.0 0.0 0.0 0.0 0.0 0.0 0.0 0.0 0.0 0.0 0.0 0.0 0.0 0.0 0.0 0.0 0.0 0.0 0.0 0.0 0.0 0.0 0.0 0.0 0.0 0.0 0.0 0.0 0.0 0.0 0.0 0.0 0.0 0.0 0.0 0.0 0.0 0.0 0.0 0.0 0.0 0.0 0.0
0.0 0.0 0.0 0.0 0.0 0.0 0.0 0.0 0.0 0.0 0.0 0.0 0.0 0.0 0.0 0.0 0.0 0.0 0.0 0.0 0.0 0.0 0.0 0.0 0.0 0.0 0.0 0.0 0.0 0.0 0.0 0.0 0.0 0.0 0.0 0.0 0.0 0.0 0.0 0.0 0.0 0.0 0.0 0.0 0.0 0.0 0.0 0.0 0.0 0.0 0.0 0.0 0.0 0.0 0.0 0.0 0.0 0.0 0.0 0.0 0.0 0.0 0.0 0.0 0.0 0.0 0.0 0.0 0.0 0.0 0.0 0.0 0.0 0.0 0.0 0.0 0.0 0.0 0.0 0.0 0.0 0.0 0.0 0.0 0.0 0.0 0.0 0.0 0.0 0.0 0.0 0.0 0.0 0.0 0.0 0.0 0.0 0.0 0.0 0.0 0.0 0.0 0.0 0.0 0.0 0.0 0.0 0.0 0.0 0.0 0.0 0.0 0.0 0.0 0.0 0.0 0.0 0.0 0.0 0.0 0.0 0.0 0.0 0.0 0.0 0.0 0.0 0.0
0.0 0.0 0.0 0.0 0.0 0.0 0.0 0.0 0.0 0.0 0.0 0.0 0.0 0.0 0.0 0.0 0.0 0.0 0.0 0.0 0.0 0.0 0.0 0.0 0.0 0.0 0.0 0.0 0.0 0.0 0.0 0.0 0.0 0.0 0.0 0.0 0.0 0.0 0.0 0.0 0.0 0.0 0.0 0.0 0.0 0.0 0.0 0.0 0.0 0.0 0.0 0.0 0.0 0.0 0.0 0.0 0.0 0.0 0.0 0.0 0.0 0.0 0.0 0.0 0.0 0.0 0.0 0.0 0.0 0.0 0.0 0.0 0.0 0.0 0.0 0.0 0.0 0.0 0.0 0.0 0.0 0.0 0.0 0.0 0.0 0.0 0.0 0.0 0.0 0.0 0.0 0.0 0.0 0.0 0.0 0.0 0.0 0.0 0.0 0.0 0.0 0.0 0.0 0.0 0.0 0.0 0.0 0.0 0.0 0.0 0.0 0.0 0.0 0.0 0.0 0.0 0.0 0.0 0.0 0.0 0.0 0.0 0.0 0.0 0.0 0.0 0.0 0.0
0.0 0.0 0.0 0.0 0.0 0.0 0.0 0.0 0.0 0.0 0.0 0.0 0.0 0.0 0.0 0.0 0.0 0.0 0.0 0.0 0.0 0.0 0.0 0.0 0.0 0.0 0.0 0.0 0.0 0.0 0.0 0.0 0.0 0.0 0.0 0.0 0.0 0.0 0.0 0.0 0.0 0.0 0.0 0.0 0.0 0.0 0.0 0.0 0.0 0.0 0.0 0.0 0.0 0.0 0.0 0.0 0.0 0.0 0.0 0.0 0.0 0.0 0.0 0.0 0.0 0.0 0.0 0.0 0.0 0.0 0.0 0.0 0.0 0.0 0.0 0.0 0.0 0.0 0.0 0.0 0.0 0.0 0.0 0.0 0.0 0.0 0.0 0.0 0.0 0.0 0.0 0.0 0.0 0.0 0.0 0.0 0.0 0.0 0.0 0.0 0.0 0.0 0.0 0.0 0.0 0.0 0.0 0.0 0.0 0.0 0.0 0.0 0.0 0.0 0.0 0.0 0.0 0.0 0.0 0.0 0.0 0.0 0.0 0.0 0.0 0.0 0.0 0.0
0.0 0.0 0.0 0.0 0.0 0.0 0.0 0.0 0.0 0.0 0.0 0.0 0.0 0.0 0.0 0.0 0.0 0.0 0.0 0.0 0.0 0.0 0.0 0.0 0.0 0.0 0.0 0.0 0.0 0.0 0.0 0.0 0.0 0.0 0.0 0.0 0.0 0.0 0.0 0.0 0.0 0.0 0.0 0.0 0.0 0.0 0.0 0.0 0.0 0.0 0.0 0.0 0.0 0.0 0.0 0.0 0.0 0.0 0.0 0.0 0.0 0.0 0.0 0.0 0.0 0.0 0.0 0.0 0.0 0.0 0.0 0.0 0.0 0.0 0.0 0.0 0.0 0.0 0.0 0.0 0.0 0.0 0.0 0.0 0.0 0.0 0.0 0.0 0.0 0.0 0.0 0.0 0.0 0.0 0.0 0.0 0.0 0.0 0.0 0.0 0.0 0.0 0.0 0.0 0.0 0.0 0.0 0.0 0.0 0.0 0.0 0.0 0.0 0.0 0.0 0.0 0.0 0.0 0.0 0.0 0.0 0.0 0.0 0.0 0.0 0.0 0.0 0.0
0.0 0.0 0.0 0.0 0.0 0.0 0.0 0.0 0.0 0.0 0.0 0.0 0.0 0.0 0.0 0.0 0.0 0.0 0.0 0.0 0.0 0.0 0.0 0.0 0.0 0.0 0.0 0.0 0.0 0.0 0.0 0.0 0.0 0.0 0.0 0.0 0.0 0.0 0.0 0.0 0.0 0.0 0.0 0.0 0.0 0.0 0.0 0.0 0.0 0.0 0.0 0.0 0.0 0.0 0.0 0.0 0.0 0.0 0.0 0.0 0.0 0.0 0.0 0.0 0.0 0.0 0.0 0.0 0.0 0.0 0.0 0.0 0.0 0.0 0.0 0.0 0.0 0.0 0.0 0.0 0.0 0.0 0.0 0.0 0.0 0.0 0.0 0.0 0.0 0.0 0.0 0.0 0.0 0.0 0.0 0.0 0.0 0.0 0.0 0.0 0.0 0.0 0.0 0.0 0.0 0.0 0.0 0.0 0.0 0.0 0.0 0.0 0.0 0.0 0.0 0.0 0.0 0.0 0.0 0.0 0.0 0.0 0.0 0.0 0.0 0.0 0.0 0.0
0.0 0.0 0.0 0.0 0.0 0.0 0.0 0.0 0.0 0.0 0.0 0.0 0.0 0.0 0.0 0.0 0.0 0.0 0.0 0.0 0.0 0.0 0.0 0.0 0.0 0.0 0.0 0.0 0.0 0.0 0.0 0.0 0.0 0.0 0.0 0.0 0.0 0.0 0.0 0.0 0.0 0.0 0.0 0.0 0.0 0.0 0.0 0.0 0.0 0.0 0.0 0.0 0.0 0.0 0.0 0.0 0.0 0.0 0.0 0.0 0.0 0.0 0.0 0.0 0.0 0.0 0.0 0.0 0.0 0.0 0.0 0.0 0.0 0.0 0.0 0.0 0.0 0.0 0.0 0.0 0.0 0.0 0.0 0.0 0.0 0.0 0.0 0.0 0.0 0.0 0.0 0.0 0.0 0.0 0.0 0.0 0.0 0.0 0.0 0.0 0.0 0.0 0.0 0.0 0.0 0.0 0.0 0.0 0.0 0.0 0.0 0.0 0.0 0.0 0.0 0.0 0.0 0.0 0.0 0.0 0.0 0.0 0.0 0.0 0.0 0.0 0.0 0.0
0.0 0.0 0.0 0.0 0.0 0.0 0.0 0.0 0.0 0.0 0.0 0.0 0.0 0.0 0.0 0.0 0.0 0.0 0.0 0.0 0.0 0.0 0.0 0.0 0.0 0.0 0.0 0.0 0.0 0.0 0.0 0.0 0.0 0.0 0.0 0.0 0.0 0.0 0.0 0.0 0.0 0.0 0.0 0.0 0.0 0.0 0.0 0.0 0.0 0.0 0.0 0.0 0.0 0.0 0.0 0.0 0.0 0.0 0.0 0.0 0.0 0.0 0.0 0.0 0.0 0.0 0.0 0.0 0.0 0.0 0.0 0.0 0.0 0.0 0.0 0.0 0.0 0.0 0.0 0.0 0.0 0.0 0.0 0.0 0.0 0.0 0.0 0.0 0.0 0.0 0.0 0.0 0.0 0.0 0.0 0.0 0.0 0.0 0.0 0.0 0.0 0.0 0.0 0.0 0.0 0.0 0.0 0.0 0.0 0.0 0.0 0.0 0.0 0.0 0.0 0.0 0.0 0.0 0.0 0.0 0.0 0.0 0.0 0.0 0.0 0.0 0.0 0.0
0.0 0.0 0.0 0.0 0.0 0.0 0.0 0.0 0.0 0.0 0.0 0.0 0.0 0.0 0.0 0.0 0.0 0.0 0.0 0.0 0.0 0.0 0.0 0.0 0.0 0.0 0.0 0.0 0.0 0.0 0.0 0.0 0.0 0.0 0.0 0.0 0.0 0.0 0.0 0.0 0.0 0.0 0.0 0.0 0.0 0.0 0.0 0.0 0.0 0.0 0.0 0.0 0.0 0.0 0.0 0.0 0.0 0.0 0.0 0.0 0.0 0.0 0.0 0.0 0.0 0.0 0.0 0.0 0.0 0.0 0.0 0.0 0.0 0.0 0.0 0.0 0.0 0.0 0.0 0.0 0.0 0.0 0.0 0.0 0.0 0.0 0.0 0.0 0.0 0.0 0.0 0.0 0.0 0.0 0.0 0.0 0.0 0.0 0.0 0.0 0.0 0.0 0.0 0.0 0.0 0.0 0.0 0.0 0.0 0.0 0.0 0.0 0.0 0.0 0.0 0.0 0.0 0.0 0.0 0.0 0.0 0.0 0.0 0.0 0.0 0.0 0.0 0.0
0.0 0.0 0.0 0.0 0.0 0.0 0.0 0.0 0.0 0.0 0.0 0.0 0.0 0.0 0.0 0.0 0.0 0.0 0.0 0.0 0.0 0.0 0.0 0.0 0.0 0.0 0.0 0.0 0.0 0.0 0.0 0.0 0.0 0.0 0.0 0.0 0.0 0.0 0.0 0.0 0.0 0.0 0.0 0.0 0.0 0.0 0.0 0.0 0.0 0.0 0.0 0.0 0.0 0.0 0.0 0.0 0.0 0.0 0.0 0.0 0.0 0.0 0.0 0.0 0.0 0.0 0.0 0.0 0.0 0.0 0.0 0.0 0.0 0.0 0.0 0.0 0.0 0.0 0.0 0.0 0.0 0.0 0.0 0.0 0.0 0.0 0.0 0.0 0.0 0.0 0.0 0.0 0.0 0.0 0.0 0.0 0.0 0.0 0.0 0.0 0.0 0.0 0.0 0.0 0.0 0.0 0.0 0.0 0.0 0.0 0.0 0.0 0.0 0.0 0.0 0.0 0.0 0.0 0.0 0.0 0.0 0.0 0.0 0.0 0.0 0.0 0.0 0.0
0.0 0.0 0.0 0.0 0.0 0.0 0.0 0.0 0.0 0.0 0.0 0.0 0.0 0.0 0.0 0.0 0.0 0.0 0.0 0.0 0.0 0.0 0.0 0.0 0.0 0.0 0.0 0.0 0.0 0.0 0.0 0.0 0.0 0.0 0.0 0.0 0.0 0.0 0.0 0.0 0.0 0.0 0.0 0.0 0.0 0.0 0.0 0.0 0.0 0.0 0.0 0.0 0.0 0.0 0.0 0.0 0.0 0.0 0.0 0.0 0.0 0.0 0.0 0.0 0.0 0.0 0.0 0.0 0.0 0.0 0.0 0.0 0.0 0.0 0.0 0.0 0.0 0.0 0.0 0.0 0.0 0.0 0.0 0.0 0.0 0.0 0.0 0.0 0.0 0.0 0.0 0.0 0.0 0.0 0.0 0.0 0.0 0.0 0.0 0.0 0.0 0.0 0.0 0.0 0.0 0.0 0.0 0.0 0.0 0.0 0.0 0.0 0.0 0.0 0.0 0.0 0.0 0.0 0.0 0.0 0.0 0.0 0.0 0.0 0.0 0.0 0.0 0.0
0.0 0.0 0.0 0.0 0.0 0.0 0.0 0.0 0.0 0.0 0.0 0.0 0.0 0.0 0.0 0.0 0.0 0.0 0.0 0.0 0.0 0.0 0.0 0.0 0.0 0.0 0.0 0.0 0.0 0.0 0.0 0.0 0.0 0.0 0.0 0.0 0.0 0.0 0.0 0.0 0.0 0.0 0.0 0.0 0.0 0.0 0.0 0.0 0.0 0.0 0.0 0.0 0.0 0.0 0.0 0.0 0.0 0.0 0.0 0.0 0.0 0.0 0.0 0.0 0.0 0.0 0.0 0.0 0.0 0.0 0.0 0.0 0.0 0.0 0.0 0.0 0.0 0.0 0.0 0.0 0.0 0.0 0.0 0.0 0.0 0.0 0.0 0.0 0.0 0.0 0.0 0.0 0.0 0.0 0.0 0.0 0.0 0.0 0.0 0.0 0.0 0.0 0.0 0.0 0.0 0.0 0.0 0.0 0.0 0.0 0.0 0.0 0.0 0.0 0.0 0.0 0.0 0.0 0.0 0.0 0.0 0.0 0.0 0.0 0.0 0.0 0.0 0.0
0.0 0.0 0.0 0.0 0.0 0.0 0.0 0.0 0.0 0.0 0.0 0.0 0.0 0.0 0.0 0.0 0.0 0.0 0.0 0.0 0.0 0.0 0.0 0.0 0.0 0.0 0.0 0.0 0.0 0.0 0.0 0.0 0.0 0.0 0.0 0.0 0.0 0.0 0.0 0.0 0.0 0.0 0.0 0.0 0.0 0.0 0.0 0.0 0.0 0.0 0.0 0.0 0.0 0.0 0.0 0.0 0.0 0.0 0.0 0.0 0.0 0.0 0.0 0.0 0.0 0.0 0.0 0.0 0.0 0.0 0.0 0.0 0.0 0.0 0.0 0.0 0.0 0.0 0.0 0.0 0.0 0.0 0.0 0.0 0.0 0.0 0.0 0.0 0.0 0.0 0.0 0.0 0.0 0.0 0.0 0.0 0.0 0.0 0.0 0.0 0.0 0.0 0.0 0.0 0.0 0.0 0.0 0.0 0.0 0.0 0.0 0.0 0.0 0.0 0.0 0.0 0.0 0.0 0.0 0.0 0.0 0.0 0.0 0.0 0.0 0.0 0.0 0.0
0.0 0.0 0.0 0.0 0.0 0.0 0.0 0.0 0.0 0.0 0.0 0.0 0.0 0.0 0.0 0.0 0.0 0.0 0.0 0.0 0.0 0.0 0.0 0.0 0.0 0.0 0.0 0.0 0.0 0.0 0.0 0.0 0.0 0.0 0.0 0.0 0.0 0.0 0.0 0.0 0.0 0.0 0.0 0.0 0.0 0.0 0.0 0.0 0.0 0.0 0.0 0.0 0.0 0.0 0.0 0.0 0.0 0.0 0.0 0.0 0.0 0.0 0.0 0.0 0.0 0.0 0.0 0.0 0.0 0.0 0.0 0.0 0.0 0.0 0.0 0.0 0.0 0.0 0.0 0.0 0.0 0.0 0.0 0.0 0.0 0.0 0.0 0.0 0.0 0.0 0.0 0.0 0.0 0.0 0.0 0.0 0.0 0.0 0.0 0.0 0.0 0.0 0.0 0.0 0.0 0.0 0.0 0.0 0.0 0.0 0.0 0.0 0.0 0.0 0.0 0.0 0.0 0.0 0.0 0.0 0.0 0.0 0.0 0.0 0.0 0.0 0.0 0.0
0.0 0.0 0.0 0.0 0.0 0.0 0.0 0.0 0.0 0.0 0.0 0.0 0.0 0.0 0.0 0.0 0.0 0.0 0.0 0.0 0.0 0.0 0.0 0.0 0.0 0.0 0.0 0.0 0.0 0.0 0.0 0.0 0.0 0.0 0.0 0.0 0.0 0.0 0.0 0.0 0.0 0.0 0.0 0.0 0.0 0.0 0.0 0.0 0.0 0.0 0.0 0.0 0.0 0.0 0.0 0.0 0.0 0.0 0.0 0.0 0.0 0.0 0.0 0.0 0.0 0.0 0.0 0.0 0.0 0.0 0.0 0.0 0.0 0.0 0.0 0.0 0.0 0.0 0.0 0.0 0.0 0.0 0.0 0.0 0.0 0.0 0.0 0.0 0.0 0.0 0.0 0.0 0.0 0.0 0.0 0.0 0.0 0.0 0.0 0.0 0.0 0.0 0.0 0.0 0.0 0.0 0.0 0.0 0.0 0.0 0.0 0.0 0.0 0.0 0.0 0.0 0.0 0.0 0.0 0.0 0.0 0.0 0.0 0.0 0.0 0.0 0.0 0.0
0.0 0.0 0.0 0.0 0.0 0.0 0.0 0.0 0.0 0.0 0.0 0.0 0.0 0.0 0.0 0.0 0.0 0.0 0.0 0.0 0.0 0.0 0.0 0.0 0.0 0.0 0.0 0.0 0.0 0.0 0.0 0.0 0.0 0.0 0.0 0.0 0.0 0.0 0.0 0.0 0.0 0.0 0.0 0.0 0.0 0.0 0.0 0.0 0.0 0.0 0.0 0.0 0.0 0.0 0.0 0.0 0.0 0.0 0.0 0.0 0.0 0.0 0.0 0.0 0.0 0.0 0.0 0.0 0.0 0.0 0.0 0.0 0.0 0.0 0.0 0.0 0.0 0.0 0.0 0.0 0.0 0.0 0.0 0.0 0.0 0.0 0.0 0.0 0.0 0.0 0.0 0.0 0.0 0.0 0.0 0.0 0.0 0.0 0.0 0.0 0.0 0.0 0.0 0.0 0.0 0.0 0.0 0.0 0.0 0.0 0.0 0.0 0.0 0.0 0.0 0.0 0.0 0.0 0.0 0.0 0.0 0.0 0.0 0.0 0.0 0.0 0.0 0.0
