0.0 0.0 0.0 0.0 0.0 0.0 0.0 0.0 0.0 0.0 0.0 0.0 0.0 0.0 0.0 0.0 0.0 0.0 0.0 0.0 0.0 0.0 0.0 0.0 0.0 0.0 0.0 0.0 0.0 0.0 0.0 0.0 0.0 0.0 0.0 0.0 0.0 0.0 0.0 0.0 0.0 0.0 0.0 0.0 0.0 0.0 0.0 0.0 0.0 0.0 0.0 0.0 0.0 0.0 0.0 0.0 0.0 0.0 0.0 0.0 0.0 0.0 0.0 0.0 0.0 0.0 0.0 0.0 0.0 0.0 0.0 0.0 0.0 0.0 0.0 0.0 0.0 0.0 0.0 0.0 0.0 0.0 0.0 0.0 0.0 0.0 0.0 0.0 0.0 0.0 0.0 0.0 0.0 0.0 0.0 0.0 0.0 0.0 0.0 0.0 0.0 0.0 0.0 0.0 0.0 0.0 0.0 0.0 0.0 0.0 0.0 0.0 0.0 0.0 0.0 0.0 0.0 0.0 0.0 0.0 0.0 0.0 0.0 0.0 0.0 0.0 0.0 0.0
0.0 0.0 0.0 0.0 0.0 0.0 0.0 0.0 0.0 0.0 0.0 0.0 0.0 0.0 0.0 0.0 0.0 0.0 0.0 0.0 0.0 0.0 0.0 0.0 0.0 0.0 0.0 0.0 0.0 0.0 0.0 0.0 0.0 0.0 0.0 0.0 0.0 0.0 0.0 0.0 0.0 0.0 0.0 0.0 0.0 0.0 0.0 0.0 0.0 0.0 0.0 0.0 0.0 0.0 0.0 0.0 0.0 0.0 0.0 0.0 0.0 0.0 0.0 0.0 0.0 0.0 0.0 0.0 0.0 0.0 0.0 0.0 0.0 0.0 0.0 0.0 0.0 0.0 0.0 0.0 0.0 0.0 0.0 0.0 0.0 0.0 0.0 0.0 0.0 0.0 0.0 0.0 0.0 0.0 0.0 0.0 0.0 0.0 0.0 0.0 0.0 0.0 0.0 0.0 0.0 0.0 0.0 0.0 0.0 0.0 0.0 0.0 0.0 0.0 0.0 0.0 0.0 0.0 0.0 0.0 0.0 0.0 0.0 0.0 0.0 0.0 0.0 0.0
0.0 0.0 0.0 0.0 0.0 0.0 0.0 0.0 0.0 0.0 0.0 0.0 0.0 0.0 0.0 0.0 0.0 0.0 0.0 0.0 0.0 0.0 0.0 0.0 0.0 0.0 0.0 0.0 0.0 0.0 0.0 0.0 0.0 0.0 0.0 0.0 0.0 0.0 0.0 0.0 0.0 0.0 0.0 0.0 0.0 0.0 0.0 0.0 0.0 0.0 0.0 0.0 0.0 0.0 0.0 0.0 0.0 0.0 0.0 0.0 0.0 0.0 0.0 0.0 0.0 0.0 0.0 0.0 0.0 0.0 0.0 0.0 0.0 0.0 0.0 0.0 0.0 0.0 0.0 0.0 0.0 0.0 0.0 0.0 0.0 0.0 0.0 0.0 0.0 0.0 0.0 0.0 0.0 0.0 0.0 0.0 0.0 0.0 0.0 0.0 0.0 0.0 0.0 0.0 0.0 0.0 0.0 0.0 0.0 0.0 0.0 0.0 0.0 0.0 0.0 0.0 0.0 0.0 0.0 0.0 0.0 0.0 0.0 0.0 0.0 0.0 0.0 0.0
0.0 0.0 0.0 0.0 0.0 0.0 0.0 0.0 0.0 0.0 0.0 0.0 0.0 0.0 0.0 0.0 0.0 0.0 0.0 0.0 0.0 0.0 0.0 0.0 0.0 0.0 0.0 0.0 0.0 0.0 0.0 0.0 0.0 0.0 0.0 0.0 0.0 0.0 0.0 0.0 0.0 0.0 0.0 0.0 0.0 0.0 0.0 0.0 0.0 0.0 0.0 0.0 0.0 0.0 0.0 0.0 0.0 0.0 0.0 0.0 0.0 0.0 0.0 0.0 0.0 0.0 0.0 0.0 0.0 0.0 0.0 0.0 0.0 0.0 0.0 0.0 0.0 0.0 0.0 0.0 0.0 0.0 0.0 0.0 0.0 0.0 0.0 0.0 0.0 0.0 0.0 0.0 0.0 0.0 0.0 0.0 0.0 0.0 0.0 0.0 0.0 0.0 0.0 0.0 0.0 0.0 0.0 0.0 0.0 0.0 0.0 0.0 0.0 0.0 0.0 0.0 0.0 0.0 0.0 0.0 0.0 0.0 0.0 0.0 0.0 0.0 0.0 0.0
0.0 0.0 0.0 0.0 0.0 0.0 0.0 0.0 0.0 0.0 0.0 0.0 0.0 0.0 0.0 0.0 0.0 0.0 0.0 0.0 0.0 0.0 0.0 0.0 0.0 0.0 0.0 0.0 0.0 0.0 0.0 0.0 0.0 0.0 0.0 0.0 0.0 0.0 0.0 0.0 0.0 0.0 0.0 0.0 0.0 0.0 0.0 0.0 0.0 0.0 0.0 0.0 0.0 0.0 0.0 0.0 0.0 0.0 0.0 0.0 0.0 0.0 0.0 0.0 0.0 0.0 0.0 0.0 0.0 0.0 0.0 0.0 0.0 0.0 0.0 0.0 0.0 0.0 0.0 0.0 0.0 0.0 0.0 0.0 0.0 0.0 0.0 0.0 0.0 0.0 0.0 0.0 0.0 0.0 0.0 0.0 0.0 0.0 0.0 0.0 0.0 0.0 0.0 0.0 0.0 0.0 0.0 0.0 0.0 0.0 0.0 0.0 0.0 0.0 0.0 0.0 0.0 0.0 0.0 0.0 0.0 0.0 0.0 0.0 0.0 0.0 0.0 0.0
0.0 0.0 0.0 0.0 0.0 0.0 0.0 0.0 0.0 0.0 0.0 0.0 0.0 0.0 0.0 0.0 0.0 0.0 0.0 0.0 0.0 0.0 0.0 0.0 0.0 0.0 0.0 0.0 0.0 0.0 0.0 0.0 0.0 0.0 0.0 0.0 0.0 0.0 0.0 0.0 0.0 0.0 0.0 0.0 0.0 0.0 0.0 0.0 0.0 0.0 0.0 0.0 0.0 0.0 0.0 0.0 0.0 0.0 0.0 0.0 0.0 0.0 0.0 0.0 0.0 0.0 0.0 0.0 0.0 0.0 0.0 0.0 0.0 0.0 0.0 0.0 0.0 0.0 0.0 0.0 0.0 0.0 0.0 0.0 0.0 0.0 0.0 0.0 0.0 0.0 0.0 0.0 0.0 0.0 0.0 0.0 0.0 0.0 0.0 0.0 0.0 0.0 0.0 0.0 0.0 0.0 0.0 0.0 0.0 0.0 0.0 0.0 0.0 0.0 0.0 0.0 0.0 0.0 0.0 0.0 0.0 0.0 0.0 0.0 0.0 0.0 0.0 0.0
0.0 0.0 0.0 0.0 0.0 0.0 0.0 0.0 0.0 0.0 0.0 0.0 0.0 0.0 0.0 0.0 0.0 0.0 0.0 0.0 0.0 0.0 0.0 0.0 0.0 0.0 0.0 0.0 0.0 0.0 0.0 0.0 0.0 0.0 0.0 0.0 0.0 0.0 0.0 0.0 0.0 0.0 0.0 0.0 0.0 0.0 0.0 0.0 0.0 0.0 0.0 0.0 0.0 0.0 0.0 0.0 0.0 0.0 0.0 0.0 0.0 0.0 0.0 0.0 0.0 0.0 0.0 0.0 0.0 0.0 0.0 0.0 0.0 0.0 0.0 0.0 0.0 0.0 0.0 0.0 0.0 0.0 0.0 0.0 0.0 0.0 0.0 0.0 0.0 0.0 0.0 0.0 0.0 0.0 0.0 0.0 0.0 0.0 0.0 0.0 0.0 0.0 0.0 0.0 0.0 0.0 0.0 0.0 0.0 0.0 0.0 0.0 0.0 0.0 0.0 0.0 0.0 0.0 0.0 0.0 0.0 0.0 0.0 0.0 0.0 0.0 0.0 0.0
0.0 0.0 0.0 0.0 0.0 0.0 0.0 0.0 0.0 0.0 0.0 0.0 0.0 0.0 0.0 0.0 0.0 0.0 0.0 0.0 0.0 0.0 0.0 0.0 0.0 0.0 0.0 0.0 0.0 0.0 0.0 0.0 0.0 0.0 0.0 0.0 0.0 0.0 0.0 0.0 0.0 0.0 0.0 0.0 0.0 0.0 0.0 0.0 0.0 0.0 0.0 0.0 0.0 0.0 0.0 0.0 0.0 0.0 0.0 0.0 0.0 0.0 0.0 0.0 0.0 0.0 0.0 0.0 0.0 0.0 0.0 0.0 0.0 0.0 0.0 0.0 0.0 0.0 0.0 0.0 0.0 0.0 0.0 0.0 0.0 0.0 0.0 0.0 0.0 0.0 0.0 0.0 0.0 0.0 0.0 0.0 0.0 0.0 0.0 0.0 0.0 0.0 0.0 0.0 0.0 0.0 0.0 0.0 0.0 0.0 0.0 0.0 0.0 0.0 0.0 0.0 0.0 0.0 0.0 0.0 0.0 0.0 0.0 0.0 0.0 0.0 0.0 0.0
0.0 0.0 0.0 0.0 0.0 0.0 0.0 0.0 0.0 0.0 0.0 0.0 0.0 0.0 0.0 0.0 0.0 0.0 0.0 0.0 0.0 0.0 0.0 0.0 0.0 0.0 0.0 0.0 0.0 0.0 0.0 0.0 0.0 0.0 0.0 0.0 0.0 0.0 0.0 0.0 0.0 0.0 0.0 0.0 0.0 0.0 0.0 0.0 0.0 0.0 0.0 0.0 0.0 0.0 0.0 0.0 0.0 0.0 0.0 0.0 0.0 0.0 0.0 0.0 0.0 0.0 0.0 0.0 0.0 0.0 0.0 0.0 0.0 0.0 0.0 0.0 0.0 0.0 0.0 0.0 0.0 0.0 0.0 0.0 0.0 0.0 0.0 0.0 0.0 0.0 0.0 0.0 0.0 0.0 0.0 0.0 0.0 0.0 0.0 0.0 0.0 0.0 0.0 0.0 0.0 0.0 0.0 0.0 0.0 0.0 0.0 0.0 0.0 0.0 0.0 0.0 0.0 0.0 0.0 0.0 0.0 0.0 0.0 0.0 0.0 0.0 0.0 0.0
0.0 0.0 0.0 0.0 0.0 0.0 0.0 0.0 0.0 0.0 0.0 0.0 0.0 0.0 0.0 0.0 0.0 0.0 0.0 0.0 0.0 0.0 0.0 0.0 0.0 0.0 0.0 0.0 0.0 0.0 0.0 0.0 0.0 0.0 0.0 0.0 0.0 0.0 0.0 0.0 0.0 0.0 0.0 0.0 0.0 0.0 0.0 0.0 0.0 0.0 0.0 0.0 0.0 0.0 0.0 0.0 0.0 0.0 0.0 0.0 0.0 0.0 0.0 0.0 0.0 0.0 0.0 0.0 0.0 0.0 0.0 0.0 0.0 0.0 0.0 0.0 0.0 0.0 0.0 0.0 0.0 0.0 0.0 0.0 0.0 0.0 0.0 0.0 0.0 0.0 0.0 0.0 0.0 0.0 0.0 0.0 0.0 0.0 0.0 0.0 0.0 0.0 0.0 0.0 0.0 0.0 0.0 0.0 0.0 0.0 0.0 0.0 0.0 0.0 0.0 0.0 0.0 0.0 0.0 0.0 0.0 0.0 0.0 0.0 0.0 0.0 0.0 0.0
0.0 0.0 0.0 0.0 0.0 0.0 0.0 0.0 0.0 0.0 0.0 0.0 0.0 0.0 0.0 0.0 0.0 0.0 0.0 0.0 0.0 0.0 0.0 0.0 0.0 0.0 0.0 0.0 0.0 0.0 0.0 0.0 0.0 0.0 0.0 0.0 0.0 0.0 0.0 0.0 0.0 0.0 0.0 0.0 0.0 0.0 0.0 0.0 0.0 0.0 0.0 0.0 0.0 0.0 0.0 0.0 0.0 0.0 0.0 0.0 0.0 0.0 0.0 0.0 0.0 0.0 0.0 0.0 0.0 0.0 0.0 0.0 0.0 0.0 0.0 0.0 0.0 0.0 0.0 0.0 0.0 0.0 0.0 0.0 0.0 0.0 0.0 0.0 0.0 0.0 0.0 0.0 0.0 0.0 0.0 0.0 0.0 0.0 0.0 0.0 0.0 0.0 0.0 0.0 0.0 0.0 0.0 0.0 0.0 0.0 0.0 0.0 0.0 0.0 0.0 0.0 0.0 0.0 0.0 0.0 0.0 0.0 0.0 0.0 0.0 0.0 0.0 0.0
0.0 0.0 0.0 0.0 0.0 0.0 0.0 0.0 0.0 0.0 0.0 0.0 0.0 0.0 0.0 0.0 0.0 0.0 0.0 0.0 0.0 0.0 0.0 0.0 0.0 0.0 0.0 0.0 0.0 0.0 0.0 0.0 0.0 0.0 0.0 0.0 0.0 0.0 0.0 0.0 0.0 0.0 0.0 0.0 0.0 0.0 0.0 0.0 0.0 0.0 0.0 0.0 0.0 0.0 0.0 0.0 0.0 0.0 0.0 0.0 0.0 0.0 0.0 0.0 0.0 0.0 0.0 0.0 0.0 0.0 0.0 0.0 0.0 0.0 0.0 0.0 0.0 0.0 0.0 0.0 0.0 0.0 0.0 0.0 0.0 0.0 0.0 0.0 0.0 0.0 0.0 0.0 0.0 0.0 0.0 0.0 0.0 0.0 0.0 0.0 0.0 0.0 0.0 0.0 0.0 0.0 0.0 0.0 0.0 0.0 0.0 0.0 0.0 0.0 0.0 0.0 0.0 0.0 0.0 0.0 0.0 0.0 0.0 0.0 0.0 0.0 0.0 0.0
0.0 0.0 0.0 0.0 0.0 0.0 0.0 0.0 0.0 0.0 0.0 0.0 0.0 0.0 0.0 0.0 0.0 0.0 0.0 0.0 0.0 0.0 0.0 0.0 0.0 0.0 0.0 0.0 0.0 0.0 0.0 0.0 0.0 0.0 0.0 0.0 0.0 0.0 0.0 0.0 0.0 0.0 0.0 0.0 0.0 0.0 0.0 0.0 0.0 0.0 0.0 0.0 0.0 0.0 0.0 0.0 0.0 0.0 0.0 0.0 0.0 0.0 0.0 0.0 0.0 0.0 0.0 0.0 0.0 0.0 0.0 0.0 0.0 0.0 0.0 0.0 0.0 0.0 0.0 0.0 0.0 0.0 0.0 0.0 0.0 0.0 0.0 0.0 0.0 0.0 0.0 0.0 0.0 0.0 0.0 0.0 0.0 0.0 0.0 0.0 0.0 0.0 0.0 0.0 0.0 0.0 0.0 0.0 0.0 0.0 0.0 0.0 0.0 0.0 0.0 0.0 0.0 0.0 0.0 0.0 0.0 0.0 0.0 0.0 0.0 0.0 0.0 0.0
0.0 0.0 0.0 0.0 0.0 0.0 0.0 0.0 0.0 0.0 0.0 0.0 0.0 0.0 0.0 0.0 0.0 0.0 0.0 0.0 0.0 0.0 0.0 0.0 0.0 0.0 0.0 0.0 0.0 0.0 0.0 0.0 0.0 0.0 0.0 0.0 0.0 0.0 0.0 0.0 0.0 0.0 0.0 0.0 0.0 0.0 0.0 0.0 0.0 0.0 0.0 0.0 0.0 0.0 0.0 0.0 0.0 0.0 0.0 0.0 0.0 0.0 0.0 0.0 0.0 0.0 0.0 0.0 0.0 0.0 0.0 0.0 0.0 0.0 0.0 0.0 0.0 0.0 0.0 0.0 0.0 0.0 0.0 0.0 0.0 0.0 0.0 0.0 0.0 0.0 0.0 0.0 0.0 0.0 0.0 0.0 0.0 0.0 0.0 0.0 0.0 0.0 0.0 0.0 0.0 0.0 0.0 0.0 0.0 0.0 0.0 0.0 0.0 0.0 0.0 0.0 0.0 0.0 0.0 0.0 0.0 0.0 0.0 0.0 0.0 0.0 0.0 0.0
0.0 0.0 0.0 0.0 0.0 0.0 0.0 0.0 0.0 0.0 0.0 0.0 0.0 0.0 0.0 0.0 0.0 0.0 0.0 0.0 0.0 0.0 0.0 0.0 0.0 0.0 0.0 0.0 0.0 0.0 0.0 0.0 0.0 0.0 0.0 0.0 0.0 0.0 0.0 0.0 0.0 0.0 0.0 0.0 0.0 0.0 0.0 0.0 0.0 0.0 0.0 0.0 0.0 0.0 0.0 0.0 0.0 0.0 0.0 0.0 0.0 0.0 0.0 0.0 0.0 0.0 0.0 0.0 0.0 0.0 0.0 0.0 0.0 0.0 0.0 0.0 0.0 0.0 0.0 0.0 0.0 0.0 0.0 0.0 0.0 0.0 0.0 0.0 0.0 0.0 0.0 0.0 0.0 0.0 0.0 0.0 0.0 0.0 0.0 0.0 0.0 0.0 0.0 0.0 0.0 0.0 0.0 0.0 0.0 0.0 0.0 0.0 0.0 0.0 0.0 0.0 0.0 0.0 0.0 0.0 0.0 0.0 0.0 0.0 0.0 0.0 0.0 0.0
0.0 0.0 0.0 0.0 0.0 0.0 0.0 0.0 0.0 0.0 0.0 0.0 0.0 0.0 0.0 0.0 0.0 0.0 0.0 0.0 0.0 0.0 0.0 0.0 0.0 0.0 0.0 0.0 0.0 0.0 0.0 0.0 0.0 0.0 0.0 0.0 0.0 0.0 0.0 0.0 0.0 0.0 0.0 0.0 0.0 0.0 0.0 0.0 0.0 0.0 0.0 0.0 0.0 0.0 0.0 0.0 0.0 0.0 0.0 0.0 0.0 0.0 0.0 0.0 0.0 0.0 0.0 0.0 0.0 0.0 0.0 0.0 0.0 0.0 0.0 0.0 0.0 0.0 0.0 0.0 0.0 0.0 0.0 0.0 0.0 0.0 0.0 0.0 0.0 0.0 0.0 0.0 0.0 0.0 0.0 0.0 0.0 0.0 0.0 0.0 0.0 0.0 0.0 0.0 0.0 0.0 0.0 0.0 0.0 0.0 0.0 0.0 0.0 0.0 0.0 0.0 0.0 0.0 0.0 0.0 0.0 0.0 0.0 0.0 0.0 0.0 0.0 0.0
0.0 0.0 0.0 0.0 0.0 0.0 0.0 0.0 0.0 0.0 0.0 0.0 0.0 0.0 0.0 0.0 0.0 0.0 0.0 0.0 0.0 0.0 0.0 0.0 0.0 0.0 0.0 0.0 0.0 0.0 0.0 0.0 0.0 0.0 0.0 0.0 0.0 0.0 0.0 0.0 0.0 0.0 0.0 0.0 0.0 0.0 0.0 0.0 0.0 0.0 0.0 0.0 0.0 0.0 0.0 0.0 0.0 0.0 0.0 0.0 0.0 0.0 0.0 0.0 0.0 0.0 0.0 0.0 0.0 0.0 0.0 0.0 0.0 0.0 0.0 0.0 0.0 0.0 0.0 0.0 0.0 0.0 0.0 0.0 0.0 0.0 0.0 0.0 0.0 0.0 0.0 0.0 0.0 0.0 0.0 0.0 0.0 0.0 0.0 0.0 0.0 0.0 0.0 0.0 0.0 0.0 0.0 0.0 0.0 0.0 0.0 0.0 0.0 0.0 0.0 0.0 0.0 0.0 0.0 0.0 0.0 0.0 0.0 0.0 0.0 0.0 0.0 0.0
0.0 0.0 0.0 0.0 0.0 0.0 0.0 0.0 0.0 0.0 0.0 0.0 0.0 0.0 0.0 0.0 0.0 0.0 0.0 0.0 0.0 0.0 0.0 0.0 0.0 0.0 0.0 0.0 0.0 0.0 0.0 0.0 0.0 0.0 0.0 0.0 0.0 0.0 0.0 0.0 0.0 0.0 0.0 0.0 0.0 0.0 0.0 0.0 0.0 0.0 0.0 0.0 0.0 0.0 0.0 0.0 0.0 0.0 0.0 0.0 0.0 0.0 0.0 0.0 0.0 0.0 0.0 0.0 0.0 0.0 0.0 0.0 0.0 0.0 0.0 0.0 0.0 0.0 0.0 0.0 0.0 0.0 0.0 0.0 0.0 0.0 0.0 0.0 0.0 0.0 0.0 0.0 0.0 0.0 0.0 0.0 0.0 0.0 0.0 0.0 0.0 0.0 0.0 0.0 0.0 0.0 0.0 0.0 0.0 0.0 0.0 0.0 0.0 0.0 0.0 0.0 0.0 0.0 0.0 0.0 0.0 0.0 0.0 0.0 0.0 0.0 0.0 0.0
0.0 0.0 0.0 0.0 0.0 0.0 0.0 0.0 0.0 0.0 0.0 0.0 0.0 0.0 0.0 0.0 0.0 0.0 0.0 0.0 0.0 0.0 0.0 0.0 0.0 0.0 0.0 0.0 0.0 0.0 0.0 0.0 0.0 0.0 0.0 0.0 0.0 0.0 0.0 0.0 0.0 0.0 0.0 0.0 0.0 0.0 0.0 0.0 0.0 0.0 0.0 0.0 0.0 0.0 0.0 0.0 0.0 0.0 0.0 0.0 0.0 0.0 0.0 0.0 0.0 0.0 0.0 0.0 0.0 0.0 0.0 0.0 0.0 0.0 0.0 0.0 0.0 0.0 0.0 0.0 0.0 0.0 0.0 0.0 0.0 0.0 0.0 0.0 0.0 0.0 0.0 0.0 0.0 0.0 0.0 0.0 0.0 0.0 0.0 0.0 0.0 0.0 0.0 0.0 0.0 0.0 0.0 0.0 0.0 0.0 0.0 0.0 0.0 0.0 0.0 0.0 0.0 0.0 0.0 0.0 0.0 0.0 0.0 0.0 0.0 0.0 0.0 0.0
0.0 0.0 0.0 0.0 0.0 0.0 0.0 0.0 0.0 0.0 0.0 0.0 0.0 0.0 0.0 0.0 0.0 0.0 0.0 0.0 0.0 0.0 0.0 0.0 0.0 0.0 0.0 0.0 0.0 0.0 0.0 0.0 0.0 0.0 0.0 0.0 0.0 0.0 0.0 0.0 0.0 0.0 0.0 0.0 0.0 0.0 0.0 0.0 0.0 0.0 0.0 0.0 0.0 0.0 0.0 0.0 0.0 0.0 0.0 0.0 0.0 0.0 0.0 0.0 0.0 0.0 0.0 0.0 0.0 0.0 0.0 0.0 0.0 0.0 0.0 0.0 0.0 0.0 0.0 0.0 0.0 0.0 0.0 0.0 0.0 0.0 0.0 0.0 0.0 0.0 0.0 0.0 0.0 0.0 0.0 0.0 0.0 0.0 0.0 0.0 0.0 0.0 0.0 0.0 0.0 0.0 0.0 0.0 0.0 0.0 0.0 0.0 0.0 0.0 0.0 0.0 0.0 0.0 0.0 0.0 0.0 0.0 0.0 0.0 0.0 0.0 0.0 0.0
0.0 0.0 0.0 0.0 0.0 0.0 0.0 0.0 0.0 0.0 0.0 0.0 0.0 0.0 0.0 0.0 0.0 0.0 0.0 0.0 0.0 0.0 0.0 0.0 0.0 0.0 0.0 0.0 0.0 0.0 0.0 0.0 0.0 0.0 0.0 0.0 0.0 0.0 0.1255 0.0 0.0 0.0 0.0 0.0 0.0 0.0 0.0 0.0 0.0 0.0 0.0 0.0 0.0 0.0 0.0 0.0 0.0 0.0 0.0 0.0 0.0 0.0 0.0 0.0 0.0 0.0 0.0 0.0 0.0 0.0 0.0 0.0 0.0 0.0 0.0 0.0 0.0 0.0 0.0 0.0 0.0 0.0 0.0 0.0 0.0 0.0 0.0 0.0 0.4183 0.0 0.0 0.0 0.0 0.0 0.0 0.0 0.0 0.0 0.0 0.0 0.0 0.0 0.0 0.0 0.0 0.0 0.0 0.0 0.0 0.0 0.0 0.0 0.0 0.0 0.0 0.0 0.0 0.0 0.0 0.0 0.0 0.0 0.0 0.0 0.0 0.0 0.0 0.0
0.0 0.0 0.0 0.0 0.0 0.0 0.0 0.0 0.0 0.0 0.0 0.0 0.0 0.0 0.0 0.0 0.0 0.0 0.0 0.0 0.0 0.0 0.0 0.0 0.0 0.0 0.0 0.0 0.0 0.0 0.0 0.0 0.0 0.0 0.0 0.0 0.0 0.1255 0.6275 0.6275 0.0 0.0 0.0 0.0 0.0 0.0 0.0 0.0 0.0 0.0 0.0 0.0 0.0 0.0 0.0 0.0 0.0 0.0 0.0 0.0 0.0 0.0 0.0 0.0 0.0 0.0 0.0 0.0 0.0 0.0 0.0 0.0 0.0 0.0 0.0 0.0 0.0 0.0 0.0 0.0 0.0 0.0 0.0 0.0 0.0 0.0 0.0 0.4183 0.6275 0.6275 0.0 0.0 0.0 0.0 0.0 0.0 0.0 0.0 0.0 0.0 0.0 0.0 0.0 0.0 0.0 0.0 0.0 0.0 0.0 0.0 0.0 0.0 0.0 0.0 0.0 0.0 0.0 0.0 0.0 0.0 0.0 0.0 0.0 0.0 0.0 0.0 0.0 0.0
0.0 0.0 0.0 0.0 0.0 0.0 0.0 0.0 0.0 0.0 0.0 0.0 0.0 0.0 0.0 0.0 0.0 0.0 0.0 0.0 0.0 0.0 0.0 0.0 0.0 0.0 0.0 0.0 0.0 0.0 0.0 0.0 0.0 0.0 0.0 0.0 0.1255 0.6275 0.6275 0.6275 0.6275 0.0 0.0 0.0 0.0 0.0 0.0 0.0 0.0 0.0 0.0 0.0 0.0 0.0 0.0 0.0 0.0 0.0 0.0 0.0 0.0 0.0 0.0 0.0 0.0 0.0 0.0 0.0 0.0 0.0 0.0 0.0 0.0 0.0 0.0 0.0 0.0 0.0 0.0 0.0 0.0 0.0 0.0 0.0 0.0 0.0 0.4183 0.6275 0.6275 0.6275 0.6275 0.0 0.0 0.0 0.0 0.0 0.0 0.0 0.0 0.0 0.0 0.0 0.0 0.0 0.0 0.0 0.0 0.0 0.0 0.0 0.0 0.0 0.0 0.0 0.0 0.0 0.0 0.0 0.0 0.0 0.0 0.0 0.0 0.0 0.0 0.0 0.0 0.0
0.0 0.0 0.0 0.0 0.0 0.0 0.0 0.0 0.0 0.0 0.0 0.0 0.0 0.0 0.0 0.0 0.0 0.0 0.0 0.0 0.0 0.0 0.0 0.0 0.0 0.0 0.0 0.0 0.0 0.0 0.0 0.0 0.0 0.0 0.0 0.1255 0.6275 0.6275 0.6275 0.6275 0.6275 0.6275 0.0 0.0 0.0 0.0 0.0 0.0 0.0 0.0 0.0 0.0 0.0 0.0 0.0 0.0 0.0 0.0 0.0 0.0 0.0 0.0 0.0 0.0 0.0 0.0 0.0 0.0 0.0 0.0 0.0 0.0 0.0 0.0 0.0 0.0 0.0 0.0 0.0 0.0 0.0 0.0 0.0 0.0 0.0 0.4183 0.6275 0.6275 0.6275 0.6275 0.6275 0.6275 0.0 0.0 0.0 0.0 0.0 0.0 0.0 0.0 0.0 0.0 0.0 0.0 0.0 0.0 0.0 0.0 0.0 0.0 0.0 0.0 0.0 0.0 0.0 0.0 0.0 0.0 0.0 0.0 0.0 0.0 0.0 0.0 0.0 0.0 0.0 0.0
0.0 0.0 0.0 0.0 0.0 0.0 0.0 0.0 0.0 0.0 0.0 0.0 0.0 0.0 0.0 0.0 0.0 0.0 0.0 0.0 0.0 0.0 0.0 0.0 0.0 0.0 0.0 0.0 0.0 0.0 0.0 0.0 0.0 0.0 0.1255 0.6275 0.6275 0.6275 0.6275 0.6275 0.6275 0.6275 0.6275 0.0 0.0 0.0 0.0 0.0 0.0 0.0 0.0 0.0 0.0 0.0 0.0 0.0 0.0 0.0 0.0 0.0 0.0 0.0 0.0 0.0 0.0 0.0 0.0 0.0 0.0 0.0 0.0 0.0 0.0 0.0 0.0 0.0 0.0 0.0 0.0 0.0 0.0 0.0 0.0 0.0 0.4183 0.6275 0.6275 0.6275 0.6275 0.6275 0.6275 0.6275 0.6275 0.0 0.0 0.0 0.0 0.0 0.0 0.0 0.0 0.0 0.0 0.0 0.0 0.0 0.0 0.0 0.0 0.0 0.0 0.0 0.0 0.0 0.0 0.0 0.0 0.0 0.0 0.0 0.0 0.0 0.0 0.0 0.0 0.0 0.0 0.0
0.0 0.0 0.0 0.0 0.0 0.0 0.0 0.0 0.0 0.0 0.0 0.0 0.0 0.0 0.0 0.0 0.0 0.0 0.0 0.0 0.0 0.0 0.0 0.0 0.0 0.0 0.0 0.0 0.0 0.0 0.0 0.0 0.0 0.1255 0.6275 0.6275 0.6275 0.6275 0.6275 0.6275 0.6275 0.6275 0.6275 0.6275 0.0 0.0 0.0 0.0 0.0 0.0 0.0 0.0 0.0 0.0 0.0 0.0 0.0 0.0 0.0 0.0 0.0 0.0 0.0 0.0 0.0 0.0 0.0 0.0 0.0 0.0 0.0 0.0 0.0 0.0 0.0 0.0 0.0 0.0 0.0 0.0 0.0 0.0 0.0 0.4183 0.6275 0.6275 0.6275 0.6275 0.6275 0.6275 0.6275 0.6275 0.6275 0.6275 0.0 0.0 0.0 0.0 0.0 0.0 0.0 0.0 0.0 0.0 0.0 0.0 0.0 0.0 0.0 0.0 0.0 0.0 0.0 0.0 0.0 0.0 0.0 0.0 0.0 0.0 0.0 0.0 0.0 0.0 0.0 0.0 0.0 0.0
0.0 0.0 0.0 0.0 0.0 0.0 0.0 0.0 0.0 0.0 0.0 0.0 0.0 0.0 0.0 0.0 0.0 0.0 0.0 0.0 0.0 0.0 0.0 0.0 0.0 0.0 0.0 0.0 0.0 0.0 0.0 0.0 0.1255 0.6275 0.6275 0.6275 0.6275 0.6275 0.6275 0.6275 0.6275 0.6275 0.6275 0.6275 0.6275 0.0 0.0 0.0 0.0 0.0 0.0 0.0 0.0 0.0 0.0 0.0 0.0 0.0 0.0 0.0 0.0 0.0 0.0 0.0 0.0 0.0 0.0 0.0 0.0 0.0 0.0 0.0 0.0 0.0 0.0 0.0 0.0 0.0 0.0 0.0 0.0 0.0 0.4183 0.6275 0.6275 0.6275 0.6275 0.6275 0.6275 0.6275 0.6275 0.6275 0.6275 0.6275 0.6275 0.0 0.0 0.0 0.0 0.0 0.0 0.0 0.0 0.0 0.0 0.0 0.0 0.0 0.0 0.0 0.0 0.0 0.0 0.0 0.0 0.0 0.0 0.0 0.0 0.0 0.0 0.0 0.0 0.0 0.0 0.0 0.0 0.0
0.0 0.0 0.0 0.0 0.0 0.0 0.0 0.0 0.0 0.0 0.0 0.0 0.0 0.0 0.0 0.0 0.0 0.0 0.0 0.0 0.0 0.0 0.0 0.0 0.0 0.0 0.0 0.0 0.0 0.0 0.0 0.1255 0.6275 0.6275 0.6275 0.6275 0.6275 0.6275 0.6275 0.6275 0.6275 0.6275 0.6275 0.6275 0.6275 0.6275 0.6275 0.0 0.0 0.0 0.0 0.0 0.0 0.0 0.0 0.0 0.0 0.0 0.0 0.0 0.0 0.0 0.0 0.0 0.0 0.0 0.0 0.0 0.0 0.0 0.0 0.0 0.0 0.0 0.0 0.0 0.0 0.0 0.0 0.0 0.0 0.4183 0.6275 0.6275 0.6275 0.6275 0.6275 0.6275 0.6275 0.6275 0.6275 0.6275 0.6275 0.6275 0.6275 0.6275 0.0 0.0 0.0 0.0 0.0 0.0 0.0 0.0 0.0 0.0 0.0 0.0 0.0 0.0 0.0 0.0 0.0 0.0 0.0 0.0 0.0 0.0 0.0 0.0 0.0 0.0 0.0 0.0 0.0 0.0 0.0 0.0
0.0 0.0 0.0 0.0 0.0 0.0 0.0 0.0 0.0 0.0 0.0 0.0 0.0 0.0 0.0 0.0 0.0 0.0 0.0 0.0 0.0 0.0 0.0 0.0 0.0 0.0 0.0 0.0 0.0 0.0 0.1255 0.6275 0.6275 0.6275 0.6275 0.6275 0.6275 0.6275 0.6275 0.6275 0.6275 0.6275 0.6275 0.6275 0.6275 0.6275 0.6275 0.6275 0.0 0.0 0.0 0.0 0.0 0.0 0.0 0.0 0.0 0.0 0.0 0.0 0.0 0.0 0.0 0.0 0.0 0.0 0.0 0.0 0.0 0.0 0.0 0.0 0.0 0.0 0.0 0.0 0.0 0.0 0.0 0.0 0.4183 0.6275 0.6275 0.6275 0.6275 0.6275 0.6275 0.6275 0.6275 0.6275 0.6275 0.6275 0.6275 0.6275 0.6275 0.6275 0.6275 0.0 0.0 0.0 0.0 0.0 0.0 0.0 0.0 0.0 0.0 0.0 0.0 0.0 0.0 0.0 0.0 0.0 0.0 0.0 0.0 0.0 0.0 0.0 0.0 0.0 0.0 0.0 0.0 0.0 0.0 0.0
0.0 0.0 0.0 0.0 0.0 0.0 0.0 0.0 0.0 0.0 0.0 0.0 0.0 0.0 0.0 0.0 0.0 0.0 0.0 0.0 0.0 0.0 0.0 0.0 0.0 0.0 0.0 0.0 0.0 0.1255 0.6275 0.6275 0.6275 0.6275 0.6275 0.6275 0.6275 0.6275 0.6275 0.6275 0.6275 0.6275 0.6275 0.6275 0.6275 0.6275 0.6275 0.6275 0.6275 0.0 0.0 0.0 0.0 0.0 0.0 0.0 0.0 0.0 0.0 0.0 0.0 0.0 0.0 0.0 0.0 0.0 0.0 0.0 0.0 0.0 0.0 0.0 0.0 0.0 0.0 0.0 0.0 0.0 0.0 0.4183 0.6275 0.6275 0.6275 0.6275 0.6275 0.6275 0.6275 0.6275 0.6275 0.6275 0.6275 0.6275 0.6275 0.6275 0.6275 0.6275 0.6275 0.6275 0.0 0.0 0.0 0.0 0.0 0.0 0.0 0.0 0.0 0.0 0.0 0.0 0.0 0.0 0.0 0.0 0.0 0.0 0.0 0.0 0.0 0.0 0.0 0.0 0.0 0.0 0.0 0.0 0.0 0.0
0.0 0.0 0.0 0.0 0.0 0.0 0.0 0.0 0.0 0.0 0.0 0.0 0.0 0.0 0.0 0.0 0.0 0.0 0.0 0.0 0.0 0.0 0.0 0.0 0.0 0.0 0.0 0.0 0.1255 0.6275 0.6275 0.6275 0.6275 0.6275 0.6275 0.6275 0.6275 0.6275 0.6275 0.6275 0.6275 0.6275 0.6275 0.6275 0.6275 0.6275 0.6275 0.6275 0.6275 0.6275 0.0 0.0 0.0 0.0 0.0 0.0 0.0 0.0 0.0 0.0 0.0 0.0 0.0 0.0 0.0 0.0 0.0 0.0 0.0 0.0 0.0 0.0 0.0 0.0 0.0 0.0 0.0 0.0 0.4183 0.6275 0.6275 0.6275 0.6275 0.6275 0.6275 0.6275 0.6275 0.6275 0.6275 0.6275 0.6275 0.6275 0.6275 0.6275 0.6275 0.6275 0.6275 0.6275 0.6275 0.0 0.0 0.0 0.0 0.0 0.0 0.0 0.0 0.0 0.0 0.0 0.0 0.0 0.0 0.0 0.0 0.0 0.0 0.0 0.0 0.0 0.0 0.0 0.0 0.0 0.0 0.0 0.0 0.0
0.0 0.0 0.0 0.0 0.0 0.0 0.0 0.0 0.0 0.0 0.0 0.0 0.0 0.0 0.0 0.0 0.0 0.0 0.0 0.0 0.0 0.0 0.0 0.0 0.0 0.0 0.0 0.1255 0.6275 0.6275 0.6275 0.6275 0.6275 0.6275 0.6275 0.6275 0.6275 0.6275 0.6275 0.6275 0.6275 0.6275 0.6275 0.6275 0.6275 0.6275 0.6275 0.6275 0.6275 0.6275 0.6275 0.0 0.0 0.0 0.0 0.0 0.0 0.0 0.0 0.0 0.0 0.0 0.0 0.0 0.0 0.0 0.0 0.0 0.0 0.0 0.0 0.0 0.0 0.0 0.0 0.0 0.0 0.4183 0.6275 0.6275 0.6275 0.6275 0.6275 0.6275 0.6275 0.6275 0.6275 0.6275 0.6275 0.6275 0.6275 0.6275 0.6275 0.6275 0.6275 0.6275 0.6275 0.6275 0.6275 0.6275 0.0 0.0 0.0 0.0 0.0 0.0 0.0 0.0 0.0 0.0 0.0 0.0 0.0 0.0 0.0 0.0 0.0 0.0 0.0 0.0 0.0 0.0 0.0 0.0 0.0 0.0 0.0 0.0
0.0 0.0 0.0 0.0 0.0 0.0 0.0 0.0 0.0 0.0 0.0 0.0 0.0 0.0 0.0 0.0 0.0 0.0 0.0 0.0 0.0 0.0 0.0 0.0 0.0 0.6275 0.6275 0.6275 0.6275 0.6275 0.6275 0.6275 0.6275 0.6275 0.6275 0.6275 0.6275 0.6275 0.6275 0.6275 0.6275 0.6275 0.6275 0.6275 0.6275 0.6275 0.6275 0.6275 0.6275 0.6275 0.6275 0.1255 0.0 0.0 0.0 0.0 0.0 0.0 0.0 0.0 0.0 0.0 0.0 0.0 0.0 0.0 0.0 0.0 0.0 0.0 0.0 0.0 0.0 0.0 0.0 0.0 0.6275 0.6275 0.6275 0.6275 0.6275 0.6275 0.6275 0.6275 0.6275 0.6275 0.6275 0.6275 0.6275 0.6275 0.6275 0.6275 0.6275 0.6275 0.6275 0.6275 0.6275 0.6275 0.6275 0.6275 0.6275 0.4183 0.0 0.0 0.0 0.0 0.0 0.0 0.0 0.0 0.0 0.0 0.0 0.0 0.0 0.0 0.0 0.0 0.0 0.0 0.0 0.0 0.0 0.0 0.0 0.0 0.0 0.0
0.0 0.0 0.0 0.0 0.0 0.0 0.0 0.0 0.0 0.0 0.0 0.0 0.0 0.0 0.0 0.0 0.0 0.0 0.0 0.0 0.0 0.0 0.0 0.0 0.6275 0.6275 0.6275 0.6275 0.6275 0.6275 0.6275 0.6275 0.6275 0.6275 0.6275 0.6275 0.6275 0.6275 0.6275 0.6275 0.6275 0.6275 0.6275 0.6275 0.6275 0.6275 0.6275 0.6275 0.6275 0.6275 0.6275 0.6275 0.1255 0.0 0.0 0.0 0.0 0.0 0.0 0.0 0.0 0.0 0.0 0.0 0.0 0.0 0.0 0.0 0.0 0.0 0.0 0.0 0.0 0.0 0.0 0.6275 0.6275 0.6275 0.6275 0.6275 0.6275 0.6275 0.6275 0.6275 0.6275 0.6275 0.6275 0.6275 0.6275 0.6275 0.6275 0.6275 0.6275 0.6275 0.6275 0.6275 0.6275 0.6275 0.6275 0.6275 0.6275 0.6275 0.4183 0.0 0.0 0.0 0.0 0.0 0.0 0.0 0.0 0.0 0.0 0.0 0.0 0.0 0.0 0.0 0.0 0.0 0.0 0.0 0.0 0.0 0.0 0.0 0.0 0.0
0.0 0.0 0.0 0.0 0.0 0.0 0.0 0.0 0.0 0.0 0.0 0.0 0.0 0.0 0.0 0.0 0.0 0.0 0.0 0.0 0.0 0.0 0.0 0.6275 0.6275 0.6275 0.6275 0.6275 0.6275 0.6275 0.6275 0.6275 0.6275 0.6275 0.6275 0.6275 0.6275 0.6275 0.6275 0.6275 0.6275 0.6275 0.6275 0.6275 0.6275 0.6275 0.6275 0.6275 0.6275 0.6275 0.6275 0.6275 0.6275 0.1255 0.0 0.0 0.0 0.0 0.0 0.0 0.0 0.0 0.0 0.0 0.0 0.0 0.0 0.0 0.0 0.0 0.0 0.0 0.0 0.0 0.6275 0.6275 0.6275 0.6275 0.6275 0.6275 0.6275 0.6275 0.6275 0.6275 0.6275 0.6275 0.6275 0.6275 0.6275 0.6275 0.6275 0.6275 0.6275 0.6275 0.6275 0.6275 0.6275 0.6275 0.6275 0.6275 0.6275 0.6275 0.6275 0.4183 0.0 0.0 0.0 0.0 0.0 0.0 0.0 0.0 0.0 0.0 0.0 0.0 0.0 0.0 0.0 0.0 0.0 0.0 0.0 0.0 0.0 0.0 0.0 0.0
0.0 0.0 0.0 0.0 0.0 0.0 0.0 0.0 0.0 0.0 0.0 0.0 0.0 0.0 0.0 0.0 0.0 0.0 0.0 0.0 0.0 0.0 0.6275 0.6275 0.6275 0.6275 0.6275 0.6275 0.6275 0.6275 0.6275 0.6275 0.6275 0.6275 0.6275 0.6275 0.6275 0.6275 0.6275 0.6275 0.6275 0.6275 0.6275 0.6275 0.6275 0.6275 0.6275 0.6275 0.6275 0.6275 0.6275 0.6275 0.6275 0.6275 0.1255 0.0 0.0 0.0 0.0 0.0 0.0 0.0 0.0 0.0 0.0 0.0 0.0 0.0 0.0 0.0 0.0 0.0 0.0 0.6275 0.6275 0.6275 0.6275 0.6275 0.6275 0.6275 0.6275 0.6275 0.6275 0.6275 0.6275 0.6275 0.6275 0.6275 0.6275 0.6275 0.6275 0.6275 0.6275 0.6275 0.6275 0.6275 0.6275 0.6275 0.6275 0.6275 0.6275 0.6275 0.6275 0.6275 0.4183 0.0 0.0 0.0 0.0 0.0 0.0 0.0 0.0 0.0 0.0 0.0 0.0 0.0 0.0 0.0 0.0 0.0 0.0 0.0 0.0 0.0 0.0 0.0
0.0 0.0 0.0 0.0 0.0 0.0 0.0 0.0 0.0 0.0 0.0 0.0 0.0 0.0 0.0 0.0 0.0 0.0 0.0 0.0 0.0 0.6275 0.6275 0.6275 0.6275 0.6275 0.6275 0.6275 0.6275 0.6275 0.6275 0.6275 0.6275 0.6275 0.6275 0.6275 0.6275 0.6275 0.6275 0.6275 0.6275 0.6275 0.6275 0.6275 0.6275 0.6275 0.6275 0.6275 0.6275 0.6275 0.6275 0.6275 0.6275 0.6275 0.6275 0.1255 0.0 0.0 0.0 0.0 0.0 0.0 0.0 0.0 0.0 0.0 0.0 0.0 0.0 0.0 0.0 0.0 0.6275 0.6275 0.6275 0.6275 0.6275 0.6275 0.6275 0.6275 0.6275 0.6275 0.6275 0.6275 0.6275 0.6275 0.6275 0.6275 0.6275 0.6275 0.6275 0.6275 0.6275 0.6275 0.6275 0.6275 0.6275 0.6275 0.6275 0.6275 0.6275 0.6275 0.6275 0.6275 0.6275 0.251 0.0 0.0 0.0 0.0 0.0 0.0 0.0 0.0 0.0 0.0 0.0 0.0 0.0 0.0 0.0 0.0 0.0 0.0 0.0 0.0 0.0 0.0
0.0 0.0 0.0 0.0 0.0 0.0 0.0 0.0 0.0 0.0 0.0 0.0 0.0 0.0 0.0 0.0 0.0 0.0 0.0 0.0 0.6275 0.6275 0.6275 0.6275 0.6275 0.6275 0.6275 0.6275 0.6275 0.6275 0.6275 0.6275 0.6275 0.6275 0.6275 0.6275 0.6275 0.6275 0.6275 0.6275 0.6275 0.6275 0.6275 0.6275 0.6275 0.6275 0.6275 0.6275 0.6275 0.6275 0.6275 0.6275 0.6275 0.6275 0.6275 0.6275 0.1255 0.0 0.0 0.0 0.0 0.0 0.0 0.0 0.0 0.0 0.0 0.0 0.0 0.0 0.0 0.6275 0.6275 0.6275 0.6275 0.6275 0.6275 0.6275 0.6275 0.6275 0.6275 0.6275 0.6275 0.6275 0.6275 0.6275 0.6275 0.6275 0.6275 0.6275 0.6275 0.6275 0.6275 0.6275 0.6275 0.6275 0.6275 0.6275 0.6275 0.6275 0.6275 0.6275 0.6275 0.6275 0.6275 0.6275 0.251 0.0 0.0 0.0 0.0 0.0 0.0 0.0 0.0 0.0 0.0 0.0 0.0 0.0 0.0 0.0 0.0 0.0 0.0 0.0 0.0 0.0
0.0 0.0 0.0 0.0 0.0 0.0 0.0 0.0 0.0 0.0 0.0 0.0 0.0 0.0 0.0 0.0 0.0 0.0 0.0 0.0 0.6275 0.6275 0.6275 0.6275 0.6275 0.6275 0.6275 0.6275 0.6275 0.6275 0.6275 0.6275 0.6275 0.6275 0.6275 0.6275 0.6275 0.6275 0.6275 0.6275 0.6275 0.6275 0.6275 0.6275 0.6275 0.6275 0.6275 0.6275 0.6275 0.6275 0.6275 0.6275 0.6275 0.6275 0.6275 0.6275 0.6275 0.1255 0.0 0.0 0.0 0.0 0.0 0.0 0.0 0.0 0.0 0.0 0.0 0.0 0.6275 0.6275 0.6275 0.6275 0.6275 0.6275 0.6275 0.6275 0.6275 0.6275 0.6275 0.6275 0.6275 0.6275 0.6275 0.6275 0.6275 0.6275 0.6275 0.6275 0.6275 0.6275 0.6275 0.6275 0.6275 0.6275 0.6275 0.6275 0.6275 0.6275 0.6275 0.6275 0.6275 0.6275 0.6275 0.6275 0.6275 0.251 0.0 0.0 0.0 0.0 0.0 0.0 0.0 0.0 0.0 0.0 0.0 0.0 0.0 0.0 0.0 0.0 0.0 0.0 0.0 0.0
0.0 0.0 0.0 0.0 0.0 0.0 0.0 0.0 0.0 0.0 0.0 0.0 0.0 0.0 0.0 0.0 0.0 0.0 0.0 0.0 0.251 0.6275 0.6275 0.6275 0.6275 0.6275 0.6275 0.6275 0.6275 0.6275 0.6275 0.6275 0.6275 0.6275 0.6275 0.6275 0.6275 0.6275 0.6275 0.6275 0.6275 0.6275 0.6275 0.6275 0.6275 0.6275 0.6275 0.6275 0.6275 0.6275 0.6275 0.6275 0.6275 0.6275 0.6275 0.6275 0.6275 0.6275 0.1255 0.0 0.0 0.0 0.0 0.0 0.0 0.0 0.0 0.0 0.0 0.6275 0.6275 0.6275 0.6275 0.6275 0.6275 0.6275 0.6275 0.6275 0.6275 0.6275 0.6275 0.6275 0.6275 0.6275 0.6275 0.6275 0.6275 0.6275 0.6275 0.6275 0.6275 0.6275 0.6275 0.6275 0.6275 0.6275 0.6275 0.6275 0.6275 0.6275 0.6275 0.6275 0.6275 0.6275 0.6275 0.6275 0.6275 0.6275 0.0 0.0 0.0 0.0 0.0 0.0 0.0 0.0 0.0 0.0 0.0 0.0 0.0 0.0 0.0 0.0 0.0 0.0 0.0 0.0
0.0 0.0 0.0 0.0 0.0 0.0 0.0 0.0 0.0 0.0 0.0 0.0 0.0 0.0 0.0 0.0 0.0 0.0 0.0 0.0 0.0 0.251 0.6275 0.6275 0.6275 0.6275 0.6275 0.6275 0.6275 0.6275 0.6275 0.6275 0.6275 0.6275 0.6275 0.6275 0.6275 0.6275 0.6275 0.6275 0.6275 0.6275 0.6275 0.6275 0.6275 0.6275 0.6275 0.6275 0.6275 0.6275 0.6275 0.6275 0.6275 0.6275 0.6275 0.6275 0.6275 0.6275 0.6275 0.1255 0.0 0.0 0.0 0.0 0.0 0.0 0.0 0.0 0.6275 0.6275 0.6275 0.6275 0.6275 0.6275 0.6275 0.6275 0.6275 0.6275 0.6275 0.6275 0.6275 0.6275 0.6275 0.6275 0.6275 0.6275 0.6275 0.6275 0.6275 0.6275 0.6275 0.6275 0.6275 0.6275 0.6275 0.6275 0.6275 0.6275 0.6275 0.6275 0.6275 0.6275 0.6275 0.6275 0.6275 0.6275 0.6275 0.0 0.0 0.0 0.0 0.0 0.0 0.0 0.0 0.0 0.0 0.0 0.0 0.0 0.0 0.0 0.0 0.0 0.0 0.0 0.0 0.0
0.0 0.0 0.0 0.0 0.0 0.0 0.0 0.0 0.0 0.0 0.0 0.0 0.0 0.0 0.0 0.0 0.0 0.0 0.0 0.0 0.0 0.0 0.251 0.6275 0.6275 0.6275 0.6275 0.6275 0.6275 0.6275 0.6275 0.6275 0.6275 0.6275 0.6275 0.6275 0.6275 0.6275 0.6275 0.6275 0.6275 0.6275 0.6275 0.6275 0.6275 0.6275 0.6275 0.6275 0.6275 0.6275 0.6275 0.6275 0.6275 0.6275 0.6275 0.6275 0.6275 0.6275 0.6275 0.6275 0.1255 0.0 0.0 0.0 0.0 0.0 0.0 0.6275 0.6275 0.6275 0.6275 0.6275 0.6275 0.6275 0.6275 0.6275 0.6275 0.6275 0.6275 0.6275 0.6275 0.6275 0.6275 0.6275 0.6275 0.6275 0.6275 0.6275 0.6275 0.6275 0.6275 0.6275 0.6275 0.6275 0.6275 0.6275 0.6275 0.6275 0.6275 0.6275 0.6275 0.6275 0.6275 0.6275 0.6275 0.6275 0.0 0.0 0.0 0.0 0.0 0.0 0.0 0.0 0.0 0.0 0.0 0.0 0.0 0.0 0.0 0.0 0.0 0.0 0.0 0.0 0.0 0.0
0.0 0.0 0.0 0.0 0.0 0.0 0.0 0.0 0.0 0.0 0.0 0.0 0.0 0.0 0.0 0.0 0.0 0.0 0.0 0.0 0.0 0.0 0.0 0.251 0.6275 0.6275 0.6275 0.6275 0.6275 0.6275 0.6275 0.6275 0.6275 0.6275 0.6275 0.6275 0.6275 0.6275 0.6275 0.6275 0.6275 0.6275 0.6275 0.6275 0.6275 0.6275 0.6275 0.6275 0.6275 0.6275 0.6275 0.6275 0.6275 0.6275 0.6275 0.6275 0.6275 0.6275 0.6275 0.6275 0.6275 0.1255 0.0 0.0 0.0 0.0 0.6275 0.6275 0.6275 0.6275 0.6275 0.6275 0.6275 0.6275 0.6275 0.6275 0.6275 0.6275 0.6275 0.6275 0.6275 0.6275 0.6275 0.6275 0.6275 0.6275 0.6275 0.6275 0.6275 0.6275 0.6275 0.6275 0.6275 0.6275 0.6275 0.6275 0.6275 0.6275 0.6275 0.6275 0.6275 0.6275 0.6275 0.6275 0.6275 0.0 0.0 0.0 0.0 0.0 0.0 0.0 0.0 0.0 0.0 0.0 0.0 0.0 0.0 0.0 0.0 0.0 0.0 0.0 0.0 0.0 0.0 0.0
0.0 0.0 0.0 0.0 0.0 0.0 0.0 0.0 0.0 0.0 0.0 0.0 0.0 0.0 0.0 0.0 0.0 0.0 0.0 0.0 0.0 0.0 0.0 0.0 0.251 0.6275 0.6275 0.6275 0.6275 0.6275 0.6275 0.6275 0.6275 0.6275 0.6275 0.6275 0.6275 0.6275 0.6275 0.6275 0.6275 0.6275 0.6275 0.6275 0.6275 0.6275 0.6275 0.6275 0.6275 0.6275 0.6275 0.6275 0.6275 0.6275 0.6275 0.6275 0.6275 0.6275 0.6275 0.6275 0.6275 0.6275 0.1255 0.0 0.0 0.6275 0.6275 0.6275 0.6275 0.6275 0.6275 0.6275 0.6275 0.6275 0.6275 0.6275 0.6275 0.6275 0.6275 0.6275 0.6275 0.6275 0.6275 0.6275 0.6275 0.6275 0.6275 0.6275 0.6275 0.6275 0.6275 0.6275 0.6275 0.6275 0.6275 0.6275 0.6275 0.6275 0.6275 0.6275 0.6275 0.6275 0.6275 0.6275 0.0 0.0 0.0 0.0 0.0 0.0 0.0 0.0 0.0 0.0 0.0 0.0 0.0 0.0 0.0 0.0 0.0 0.0 0.0 0.0 0.0 0.0 0.0 0.0
0.0 0.0 0.0 0.0 0.0 0.0 0.0 0.0 0.0 0.0 0.0 0.0 0.0 0.0 0.0 0.0 0.0 0.0 0.0 0.0 0.0 0.0 0.0 0.0 0.0 0.251 0.6275 0.6275 0.6275 0.6275 0.6275 0.6275 0.6275 0.6275 0.6275 0.6275 0.6275 0.6275 0.6275 0.6275 0.6275 0.6275 0.6275 0.6275 0.6275 0.6275 0.6275 0.6275 0.6275 0.6275 0.6275 0.6275 0.6275 0.6275 0.6275 0.6275 0.6275 0.6275 0.6275 0.6275 0.6275 0.6275 0.6275 0.1255 0.6275 0.6275 0.6275 0.6275 0.6275 0.6275 0.6275 0.6275 0.6275 0.6275 0.6275 0.6275 0.6275 0.6275 0.6275 0.6275 0.6275 0.6275 0.6275 0.6275 0.6275 0.6275 0.6275 0.6275 0.6275 0.6275 0.6275 0.6275 0.6275 0.6275 0.6275 0.6275 0.6275 0.6275 0.6275 0.6275 0.6275 0.6275 0.6275 0.0 0.0 0.0 0.0 0.0 0.0 0.0 0.0 0.0 0.0 0.0 0.0 0.0 0.0 0.0 0.0 0.0 0.0 0.0 0.0 0.0 0.0 0.0 0.0 0.0
0.0 0.0 0.0 0.0 0.0 0.0 0.0 0.0 0.0 0.0 0.0 0.0 0.0 0.0 0.0 0.0 0.0 0.0 0.0 0.0 0.0 0.0 0.0 0.0 0.0 0.0 0.251 0.6275 0.6275 0.6275 0.6275 0.6275 0.6275 0.6275 0.6275 0.6275 0.6275 0.6275 0.6275 0.6275 0.6275 0.6275 0.6275 0.6275 0.6275 0.6275 0.6275 0.6275 0.6275 0.6275 0.6275 0.6275 0.6275 0.6275 0.6275 0.6275 0.6275 0.6275 0.6275 0.6275 0.6275 0.6275 0.6275 0.6275 0.6275 0.6275 0.6275 0.6275 0.6275 0.6275 0.6275 0.6275 0.6275 0.6275 0.6275 0.6275 0.6275 0.6275 0.6275 0.6275 0.6275 0.6275 0.6275 0.6275 0.6275 0.6275 0.6275 0.6275 0.6275 0.6275 0.6275 0.6275 0.6275 0.6275 0.6275 0.6275 0.6275 0.6275 0.6275 0.6275 0.6275 0.6275 0.0 0.0 0.0 0.0 0.0 0.0 0.0 0.0 0.0 0.0 0.0 0.0 0.0 0.0 0.0 0.0 0.0 0.0 0.0 0.0 0.0 0.0 0.0 0.0 0.0 0.0
0.0 0.0 0.0 0.0 0.0 0.0 0.0 0.0 0.0 0.0 0.0 0.0 0.0 0.0 0.0 0.0 0.0 0.0 0.0 0.0 0.0 0.0 0.0 0.0 0.0 0.0 0.0 0.251 0.6275 0.6275 0.6275 0.6275 0.6275 0.6275 0.6275 0.6275 0.6275 0.6275 0.6275 0.6275 0.6275 0.6275 0.6275 0.6275 0.6275 0.6275 0.6275 0.6275 0.6275 0.6275 0.6275 0.6275 0.6275 0.6275 0.6275 0.6275 0.6275 0.6275 0.6275 0.6275 0.6275 0.6275 0.6275 0.6275 0.6275 0.6275 0.6275 0.6275 0.6275 0.6275 0.6275 0.6275 0.6275 0.6275 0.6275 0.6275 0.6275 0.6275 0.6275 0.6275 0.6275 0.6275 0.6275 0.6275 0.6275 0.6275 0.6275 0.6275 0.6275 0.6275 0.6275 0.6275 0.6275 0.6275 0.6275 0.6275 0.6275 0.6275 0.6275 0.6275 0.6275 0.0 0.0 0.0 0.0 0.0 0.0 0.0 0.0 0.0 0.0 0.0 0.0 0.0 0.0 0.0 0.0 0.0 0.0 0.0 0.0 0.0 0.0 0.0 0.0 0.0 0.0 0.0
0.0 0.0 0.0 0.0 0.0 0.0 0.0 0.0 0.0 0.0 0.0 0.0 0.0 0.0 0.0 0.0 0.0 0.0 0.0 0.0 0.0 0.0 0.0 0.0 0.0 0.0 0.0 0.0 0.251 0.6275 0.6275 0.6275 0.6275 0.6275 0.6275 0.6275 0.6275 0.6275 0.6275 0.6275 0.6275 0.6275 0.6275 0.6275 0.6275 0.6275 0.6275 0.6275 0.6275 0.6275 0.6275 0.6275 0.6275 0.6275 0.6275 0.6275 0.6275 0.6275 0.6275 0.6275 0.6275 0.6275 0.6275 0.6275 0.6275 0.6275 0.6275 0.6275 0.6275 0.6275 0.6275 0.6275 0.6275 0.6275 0.6275 0.6275 0.6275 0.6275 0.6275 0.6275 0.6275 0.6275 0.6275 0.6275 0.6275 0.6275 0.6275 0.6275 0.6275 0.6275 0.6275 0.6275 0.6275 0.6275 0.6275 0.6275 0.6275 0.6275 0.6275 0.6275 0.0 0.0 0.0 0.0 0.0 0.0 0.0 0.0 0.0 0.0 0.0 0.0 0.0 0.0 0.0 0.0 0.0 0.0 0.0 0.0 0.0 0.0 0.0 0.0 0.0 0.0 0.0 0.0
0.0 0.0 0.0 0.0 0.0 0.0 0.0 0.0 0.0 0.0 0.0 0.0 0.0 0.0 0.0 0.0 0.0 0.0 0.0 0.0 0.0 0.0 0.0 0.0 0.0 0.0 0.0 0.0 0.0 0.251 0.6275 0.6275 0.6275 0.6275 0.6275 0.6275 0.6275 0.6275 0.6275 0.6275 0.6275 0.6275 0.6275 0.6275 0.6275 0.6275 0.6275 0.6275 0.6275 0.6275 0.6275 0.6275 0.6275 0.6275 0.6275 0.6275 0.6275 0.6275 0.6275 0.6275 0.6275 0.6275 0.6275 0.6275 0.6275 0.6275 0.6275 0.6275 0.6275 0.6275 0.6275 0.6275 0.6275 0.6275 0.6275 0.6275 0.6275 0.6275 0.6275 0.6275 0.6275 0.6275 0.6275 0.6275 0.6275 0.6275 0.6275 0.6275 0.6275 0.6275 0.6275 0.6275 0.6275 0.6275 0.6275 0.6275 0.6275 0.6275 0.6275 0.0 0.0 0.0 0.0 0.0 0.0 0.0 0.0 0.0 0.0 0.0 0.0 0.0 0.0 0.0 0.0 0.0 0.0 0.0 0.0 0.0 0.0 0.0 0.0 0.0 0.0 0.0 0.0 0.0
0.0 0.0 0.0 0.0 0.0 0.0 0.0 0.0 0.0 0.0 0.0 0.0 0.0 0.0 0.0 0.0 0.0 0.0 0.0 0.0 0.0 0.0 0.0 0.0 0.0 0.0 0.0 0.0 0.0 0.0 0.251 0.6275 0.6275 0.6275 0.6275 0.6275 0.6275 0.6275 0.6275 0.6275 0.6275 0.6275 0.6275 0.6275 0.6275 0.6275 0.6275 0.6275 0.6275 0.6275 0.6275 0.6275 0.6275 0.6275 0.6275 0.6275 0.6275 0.6275 0.6275 0.6275 0.6275 0.6275 0.6275 0.6275 0.6275 0.6275 0.6275 0.6275 0.6275 0.6275 0.6275 0.6275 0.6275 0.6275 0.6275 0.6275 0.6275 0.6275 0.6275 0.6275 0.6275 0.6275 0.6275 0.6275 0.6275 0.6275 0.6275 0.6275 0.6275 0.6275 0.6275 0.6275 0.6275 0.6275 0.6275 0.6275 0.6275 0.6275 0.0 0.0 0.0 0.0 0.0 0.0 0.0 0.0 0.0 0.0 0.0 0.0 0.0 0.0 0.0 0.0 0.0 0.0 0.0 0.0 0.0 0.0 0.0 0.0 0.0 0.0 0.0 0.0 0.0 0.0
0.0 0.0 0.0 0.0 0.0 0.0 0.0 0.0 0.0 0.0 0.0 0.0 0.0 0.0 0.0 0.0 0.0 0.0 0.0 0.0 0.0 0.0 0.0 0.0 0.0 0.0 0.0 0.0 0.0 0.0 0.0 0.251 0.6275 0.6275 0.6275 0.6275 0.6275 0.6275 0.6275 0.6275 0.6275 0.6275 0.6275 0.6275 0.6275 0.6275 0.6275 0.6275 0.6275 0.6275 0.6275 0.6275 0.6275 0.6275 0.6275 0.6275 0.6275 0.6275 0.6275 0.6275 0.6275 0.6275 0.6275 0.6275 0.6275 0.6275 0.6275 0.6275 0.6275 0.6275 0.6275 0.6275 0.6275 0.6275 0.6275 0.6275 0.6275 0.6275 0.6275 0.6275 0.6275 0.6275 0.6275 0.6275 0.6275 0.6275 0.6275 0.6275 0.6275 0.6275 0.6275 0.6275 0.6275 0.6275 0.6275 0.6275 0.6275 0.0 0.0 0.0 0.0 0.0 0.0 0.0 0.0 0.0 0.0 0.0 0.0 0.0 0.0 0.0 0.0 0.0 0.0 0.0 0.0 0.0 0.0 0.0 0.0 0.0 0.0 0.0 0.0 0.0 0.0 0.0
0.0 0.0 0.0 0.0 0.0 0.0 0.0 0.0 0.0 0.0 0.0 0.0 0.0 0.0 0.0 0.0 0.0 0.0 0.0 0.0 0.0 0.0 0.0 0.0 0.0 0.0 0.0 0.0 0.0 0.0 0.0 0.0 0.251 0.6275 0.6275 0.6275 0.6275 0.6275 0.6275 0.6275 0.6275 0.6275 0.6275 0.6275 0.6275 0.6275 0.6275 0.6275 0.6275 0.6275 0.6275 0.6275 0.6275 0.6275 0.6275 0.6275 0.6275 0.6275 0.6275 0.6275 0.6275 0.6275 0.6275 0.6275 0.6275 0.6275 0.6275 0.6275 0.6275 0.6275 0.6275 0.6275 0.6275 0.6275 0.6275 0.6275 0.6275 0.6275 0.6275 0.6275 0.6275 0.6275 0.6275 0.6275 0.6275 0.6275 0.6275 0.6275 0.6275 0.6275 0.6275 0.6275 0.6275 0.6275 0.6275 0.6275 0.0 0.0 0.0 0.0 0.0 0.0 0.0 0.0 0.0 0.0 0.0 0.0 0.0 0.0 0.0 0.0 0.0 0.0 0.0 0.0 0.0 0.0 0.0 0.0 0.0 0.0 0.0 0.0 0.0 0.0 0.0 0.0
0.0 0.0 0.0 0.0 0.0 0.0 0.0 0.0 0.0 0.0 0.0 0.0 0.0 0.0 0.0 0.0 0.0 0.0 0.0 0.0 0.0 0.0 0.0 0.0 0.0 0.0 0.0 0.0 0.0 0.0 0.0 0.0 0.0 0.251 0.6275 0.6275 0.6275 0.6275 0.6275 0.6275 0.6275 0.6275 0.6275 0.6275 0.6275 0.6275 0.6275 0.6275 0.6275 0.6275 0.6275 0.6275 0.6275 0.6275 0.6275 0.6275 0.6275 0.6275 0.6275 0.6275 0.6275 0.6275 0.6275 0.6275 0.6275 0.6275 0.6275 0.6275 0.6275 0.6275 0.6275 0.6275 0.6275 0.6275 0.6275 0.6275 0.6275 0.6275 0.6275 0.6275 0.6275 0.6275 0.6275 0.6275 0.6275 0.6275 0.6275 0.6275 0.6275 0.6275 0.6275 0.6275 0.6275 0.6275 0.6275 0.0 0.0 0.0 0.0 0.0 0.0 0.0 0.0 0.0 0.0 0.0 0.0 0.0 0.0 0.0 0.0 0.0 0.0 0.0 0.0 0.0 0.0 0.0 0.0 0.0 0.0 0.0 0.0 0.0 0.0 0.0 0.0 0.0
0.0 0.0 0.0 0.0 0.0 0.0 0.0 0.0 0.0 0.0 0.0 0.0 0.0 0.0 0.0 0.0 0.0 0.0 0.0 0.0 0.0 0.0 0.0 0.0 0.0 0.0 0.0 0.0 0.0 0.0 0.0 0.0 0.0 0.0 0.251 0.6275 0.6275 0.6275 0.6275 0.6275 0.6275 0.6275 0.6275 0.6275 0.6275 0.6275 0.6275 0.6275 0.6275 0.6275 0.6275 0.6275 0.6275 0.6275 0.6275 0.6275 0.6275 0.6275 0.6275 0.6275 0.6275 0.6275 0.6275 0.6275 0.6275 0.6275 0.6275 0.6275 0.6275 0.6275 0.6275 0.6275 0.6275 0.6275 0.6275 0.6275 0.6275 0.6275 0.6275 0.6275 0.6275 0.6275 0.6275 0.6275 0.6275 0.6275 0.6275 0.6275 0.6275 0.6275 0.6275 0.6275 0.6275 0.6275 0.0 0.0 0.0 0.0 0.0 0.0 0.0 0.0 0.0 0.0 0.0 0.0 0.0 0.0 0.0 0.0 0.0 0.0 0.0 0.0 0.0 0.0 0.0 0.0 0.0 0.0 0.0 0.0 0.0 0.0 0.0 0.0 0.0 0.0
0.0 0.0 0.0 0.0 0.0 0.0 0.0 0.0 0.0 0.0 0.0 0.0 0.0 0.0 0.0 0.0 0.0 0.0 0.0 0.0 0.0 0.0 0.0 0.0 0.0 0.0 0.0 0.0 0.0 0.0 0.0 0.0 0.0 0.0 0.0 0.251 0.6275 0.6275 0.6275 0.6275 0.6275 0.6275 0.6275 0.6275 0.6275 0.6275 0.6275 0.6275 0.6275 0.6275 0.6275 0.6275 0.6275 0.6275 0.6275 0.6275 0.6275 0.6275 0.6275 0.6275 0.6275 0.6275 0.6275 0.6275 0.6275 0.6275 0.6275 0.6275 0.6275 0.6275 0.6275 0.6275 0.6275 0.6275 0.6275 0.6275 0.6275 0.6275 0.6275 0.6275 0.6275 0.6275 0.6275 0.6275 0.6275 0.6275 0.6275 0.6275 0.6275 0.6275 0.6275 0.6275 0.6275 0.0 0.0 0.0 0.0 0.0 0.0 0.0 0.0 0.0 0.0 0.0 0.0 0.0 0.0 0.0 0.0 0.0 0.0 0.0 0.0 0.0 0.0 0.0 0.0 0.0 0.0 0.0 0.0 0.0 0.0 0.0 0.0 0.0 0.0 0.0
0.0 0.0 0.0 0.0 0.0 0.0 0.0 0.0 0.0 0.0 0.0 0.0 0.0 0.0 0.0 0.0 0.0 0.0 0.0 0.0 0.0 0.0 0.0 0.0 0.0 0.0 0.0 0.0 0.0 0.0 0.0 0.0 0.0 0.0 0.0 0.0 0.251 0.6275 0.6275 0.6275 0.6275 0.6275 0.6275 0.6275 0.6275 0.6275 0.6275 0.6275 0.6275 0.6275 0.6275 0.6275 0.6275 0.6275 0.6275 0.6275 0.6275 0.6275 0.6275 0.6275 0.6275 0.6275 0.6275 0.6275 0.6275 0.6275 0.6275 0.6275 0.6275 0.6275 0.6275 0.6275 0.6275 0.6275 0.6275 0.6275 0.6275 0.6275 0.6275 0.6275 0.6275 0.6275 0.6275 0.6275 0.6275 0.6275 0.6275 0.6275 0.6275 0.6275 0.6275 0.6275 0.0 0.0 0.0 0.0 0.0 0.0 0.0 0.0 0.0 0.0 0.0 0.0 0.0 0.0 0.0 0.0 0.0 0.0 0.0 0.0 0.0 0.0 0.0 0.0 0.0 0.0 0.0 0.0 0.0 0.0 0.0 0.0 0.0 0.0 0.0 0.0
0.0 0.0 0.0 0.0 0.0 0.0 0.0 0.0 0.0 0.0 0.0 0.0 0.0 0.0 0.0 0.0 0.0 0.0 0.0 0.0 0.0 0.0 0.0 0.0 0.0 0.0 0.0 0.0 0.0 0.0 0.0 0.0 0.0 0.0 0.0 0.0 0.0 0.251 0.6275 0.6275 0.6275 0.6275 0.6275 0.6275 0.6275 0.6275 0.6275 0.6275 0.6275 0.6275 0.6275 0.6275 0.6275 0.6275 0.6275 0.6275 0.6275 0.6275 0.6275 0.6275 0.6275 0.6275 0.6275 0.6275 0.6275 0.6275 0.6275 0.6275 0.6275 0.6275 0.6275 0.6275 0.6275 0.6275 0.6275 0.6275 0.6275 0.6275 0.6275 0.6275 0.6275 0.6275 0.6275 0.6275 0.6275 0.6275 0.6275 0.6275 0.6275 0.6275 0.6275 0.0 0.0 0.0 0.0 0.0 0.0 0.0 0.0 0.0 0.0 0.0 0.0 0.0 0.0 0.0 0.0 0.0 0.0 0.0 0.0 0.0 0.0 0.0 0.0 0.0 0.0 0.0 0.0 0.0 0.0 0.0 0.0 0.0 0.0 0.0 0.0 0.0
0.0 0.0 0.0 0.0 0.0 0.0 0.0 0.0 0.0 0.0 0.0 0.0 0.0 0.0 0.0 0.0 0.0 0.0 0.0 0.0 0.0 0.0 0.0 0.0 0.0 0.0 0.0 0.0 0.0 0.0 0.0 0.0 0.0 0.0 0.0 0.0 0.0 0.0 0.251 0.6275 0.6275 0.6275 0.6275 0.6275 0.6275 0.6275 0.6275 0.6275 0.6275 0.6275 0.6275 0.6275 0.6275 0.6275 0.6275 0.6275 0.6275 0.6275 0.6275 0.6275 0.6275 0.6275 0.6275 0.6275 0.6275 0.6275 0.6275 0.6275 0.6275 0.6275 0.6275 0.6275 0.6275 0.6275 0.6275 0.6275 0.6275 0.6275 0.6275 0.6275 0.6275 0.6275 0.6275 0.6275 0.6275 0.6275 0.6275 0.6275 0.6275 0.6275 0.0 0.0 0.0 0.0 0.0 0.0 0.0 0.0 0.0 0.0 0.0 0.0 0.0 0.0 0.0 0.0 0.0 0.0 0.0 0.0 0.0 0.0 0.0 0.0 0.0 0.0 0.0 0.0 0.0 0.0 0.0 0.0 0.0 0.0 0.0 0.0 0.0 0.0
0.0 0.0 0.0 0.0 0.0 0.0 0.0 0.0 0.0 0.0 0.0 0.0 0.0 0.0 0.0 0.0 0.0 0.0 0.0 0.0 0.0 0.0 0.0 0.0 0.0 0.0 0.0 0.0 0.0 0.0 0.0 0.0 0.0 0.0 0.0 0.0 0.0 0.0 0.0 0.251 0.6275 0.6275 0.6275 0.6275 0.6275 0.6275 0.6275 0.6275 0.6275 0.6275 0.6275 0.6275 0.6275 0.6275 0.6275 0.6275 0.6275 0.6275 0.6275 0.6275 0.6275 0.6275 0.6275 0.6275 0.6275 0.6275 0.6275 0.6275 0.6275 0.6275 0.6275 0.6275 0.6275 0.6275 0.6275 0.6275 0.6275 0.6275 0.6275 0.6275 0.6275 0.6275 0.6275 0.6275 0.6275 0.6275 0.6275 0.6275 0.6275 0.0 0.0 0.0 0.0 0.0 0.0 0.0 0.0 0.0 0.0 0.0 0.0 0.0 0.0 0.0 0.0 0.0 0.0 0.0 0.0 0.0 0.0 0.0 0.0 0.0 0.0 0.0 0.0 0.0 0.0 0.0 0.0 0.0 0.0 0.0 0.0 0.0 0.0 0.0
0.0 0.0 0.0 0.0 0.0 0.0 0.0 0.0 0.0 0.0 0.0 0.0 0.0 0.0 0.0 0.0 0.0 0.0 0.0 0.0 0.0 0.0 0.0 0.0 0.0 0.0 0.0 0.0 0.0 0.0 0.0 0.0 0.0 0.0 0.0 0.0 0.0 0.0 0.0 0.0 0.251 0.6275 0.6275 0.6275 0.6275 0.6275 0.6275 0.6275 0.6275 0.6275 0.6275 0.6275 0.6275 0.6275 0.6275 0.6275 0.6275 0.6275 0.6275 0.6275 0.6275 0.6275 0.6275 0.6275 0.6275 0.6275 0.6275 0.6275 0.6275 0.6275 0.6275 0.6275 0.6275 0.6275 0.6275 0.6275 0.6275 0.6275 0.6275 0.6275 0.6275 0.6275 0.6275 0.6275 0.6275 0.6275 0.6275 0.6275 0.0 0.0 0.0 0.0 0.0 0.0 0.0 0.0 0.0 0.0 0.0 0.0 0.0 0.0 0.0 0.0 0.0 0.0 0.0 0.0 0.0 0.0 0.0 0.0 0.0 0.0 0.0 0.0 0.0 0.0 0.0 0.0 0.0 0.0 0.0 0.0 0.0 0.0 0.0 0.0
0.0 0.0 0.0 0.0 0.0 0.0 0.0 0.0 0.0 0.0 0.0 0.0 0.0 0.0 0.0 0.0 0.0 0.0 0.0 0.0 0.0 0.0 0.0 0.0 0.0 0.0 0.0 0.0 0.0 0.0 0.0 0.0 0.0 0.0 0.0 0.0 0.0 0.0 0.0 0.0 0.0 0.251 0.6275 0.6275 0.6275 0.6275 0.6275 0.6275 0.6275 0.6275 0.6275 0.6275 0.6275 0.6275 0.6275 0.6275 0.6275 0.6275 0.6275 0.6275 0.6275 0.6275 0.6275 0.6275 0.6275 0.6275 0.6275 0.6275 0.6275 0.6275 0.6275 0.6275 0.6275 0.6275 0.6275 0.6275 0.6275 0.6275 0.6275 0.6275 0.6275 0.6275 0.6275 0.6275 0.6275 0.6275 0.6275 0.0 0.0 0.0 0.0 0.0 0.0 0.0 0.0 0.0 0.0 0.0 0.0 0.0 0.0 0.0 0.0 0.0 0.0 0.0 0.0 0.0 0.0 0.0 0.0 0.0 0.0 0.0 0.0 0.0 0.0 0.0 0.0 0.0 0.0 0.0 0.0 0.0 0.0 0.0 0.0 0.0
0.0 0.0 0.0 0.0 0.0 0.0 0.0 0.0 0.0 0.0 0.0 0.0 0.0 0.0 0.0 0.0 0.0 0.0 0.0 0.0 0.0 0.0 0.0 0.0 0.0 0.0 0.0 0.0 0.0 0.0 0.0 0.0 0.0 0.0 0.0 0.0 0.0 0.0 0.0 0.0 0.0 0.0 0.251 0.6275 0.6275 0.6275 0.6275 0.6275 0.6275 0.6275 0.6275 0.6275 0.6275 0.6275 0.6275 0.6275 0.6275 0.6275 0.6275 0.6275 0.6275 0.6275 0.6275 0.6275 0.6275 0.6275 0.6275 0.6275 0.6275 0.6275 0.6275 0.6275 0.6275 0.6275 0.6275 0.6275 0.6275 0.6275 0.6275 0.6275 0.6275 0.6275 0.6275 0.6275 0.6275 0.6275 0.0 0.0 0.0 0.0 0.0 0.0 0.0 0.0 0.0 0.0 0.0 0.0 0.0 0.0 0.0 0.0 0.0 0.0 0.0 0.0 0.0 0.0 0.0 0.0 0.0 0.0 0.0 0.0 0.0 0.0 0.0 0.0 0.0 0.0 0.0 0.0 0.0 0.0 0.0 0.0 0.0 0.0
0.0 0.0 0.0 0.0 0.0 0.0 0.0 0.0 0.0 0.0 0.0 0.0 0.0 0.0 0.0 0.0 0.0 0.0 0.0 0.0 0.0 0.0 0.0 0.0 0.0 0.0 0.0 0.0 0.0 0.0 0.0 0.0 0.0 0.0 0.0 0.0 0.0 0.0 0.0 0.0 0.0 0.0 0.0 0.251 0.6275 0.6275 0.6275 0.6275 0.6275 0.6275 0.6275 0.6275 0.6275 0.6275 0.6275 0.6275 0.6275 0.6275 0.6275 0.6275 0.6275 0.6275 0.6275 0.6275 0.6275 0.6275 0.6275 0.6275 0.6275 0.6275 0.6275 0.6275 0.6275 0.6275 0.6275 0.6275 0.6275 0.6275 0.6275 0.6275 0.6275 0.6275 0.6275 0.6275 0.6275 0.0 0.0 0.0 0.0 0.0 0.0 0.0 0.0 0.0 0.0 0.0 0.0 0.0 0.0 0.0 0.0 0.0 0.0 0.0 0.0 0.0 0.0 0.0 0.0 0.0 0.0 0.0 0.0 0.0 0.0 0.0 0.0 0.0 0.0 0.0 0.0 0.0 0.0 0.0 0.0 0.0 0.0 0.0
0.0 0.0 0.0 0.0 0.0 0.0 0.0 0.0 0.0 0.0 0.0 0.0 0.0 0.0 0.0 0.0 0.0 0.0 0.0 0.0 0.0 0.0 0.0 0.0 0.0 0.0 0.0 0.0 0.0 0.0 0.0 0.0 0.0 0.0 0.0 0.0 0.0 0.0 0.0 0.0 0.0 0.0 0.0 0.0 0.251 0.6275 0.6275 0.6275 0.6275 0.6275 0.6275 0.6275 0.6275 0.6275 0.6275 0.6275 0.6275 0.6275 0.6275 0.6275 0.6275 0.6275 0.6275 0.6275 0.6275 0.6275 0.6275 0.6275 0.6275 0.6275 0.6275 0.6275 0.6275 0.6275 0.6275 0.6275 0.6275 0.6275 0.6275 0.6275 0.6275 0.6275 0.6275 0.6275 0.0 0.0 0.0 0.0 0.0 0.0 0.0 0.0 0.0 0.0 0.0 0.0 0.0 0.0 0.0 0.0 0.0 0.0 0.0 0.0 0.0 0.0 0.0 0.0 0.0 0.0 0.0 0.0 0.0 0.0 0.0 0.0 0.0 0.0 0.0 0.0 0.0 0.0 0.0 0.0 0.0 0.0 0.0 0.0
0.0 0.0 0.0 0.0 0.0 0.0 0.0 0.0 0.0 0.0 0.0 0.0 0.0 0.0 0.0 0.0 0.0 0.0 0.0 0.0 0.0 0.0 0.0 0.0 0.0 0.0 0.0 0.0 0.0 0.0 0.0 0.0 0.0 0.0 0.0 0.0 0.0 0.0 0.0 0.0 0.0 0.0 0.0 0.251 0.6275 0.6275 0.6275 0.6275 0.6275 0.6275 0.6275 0.6275 0.6275 0.6275 0.6275 0.6275 0.6275 0.6275 0.6275 0.6275 0.6275 0.6275 0.6275 0.6275 0.6275 0.6275 0.6275 0.6275 0.6275 0.6275 0.6275 0.6275 0.6275 0.6275 0.6275 0.6275 0.6275 0.6275 0.6275 0.6275 0.6275 0.6275 0.6275 0.6275 0.6275 0.0 0.0 0.0 0.0 0.0 0.0 0.0 0.0 0.0 0.0 0.0 0.0 0.0 0.0 0.0 0.0 0.0 0.0 0.0 0.0 0.0 0.0 0.0 0.0 0.0 0.0 0.0 0.0 0.0 0.0 0.0 0.0 0.0 0.0 0.0 0.0 0.0 0.0 0.0 0.0 0.0 0.0 0.0
0.0 0.0 0.0 0.0 0.0 0.0 0.0 0.0 0.0 0.0 0.0 0.0 0.0 0.0 0.0 0.0 0.0 0.0 0.0 0.0 0.0 0.0 0.0 0.0 0.0 0.0 0.0 0.0 0.0 0.0 0.0 0.0 0.0 0.0 0.0 0.0 0.0 0.0 0.0 0.0 0.0 0.0 0.251 0.6275 0.6275 0.6275 0.6275 0.6275 0.6275 0.6275 0.6275 0.6275 0.6275 0.6275 0.6275 0.6275 0.6275 0.6275 0.6275 0.6275 0.6275 0.6275 0.6275 0.6275 0.6275 0.6275 0.6275 0.6275 0.6275 0.6275 0.6275 0.6275 0.6275 0.6275 0.6275 0.6275 0.6275 0.6275 0.6275 0.6275 0.6275 0.6275 0.6275 0.6275 0.6275 0.6275 0.0 0.0 0.0 0.0 0.0 0.0 0.0 0.0 0.0 0.0 0.0 0.0 0.0 0.0 0.0 0.0 0.0 0.0 0.0 0.0 0.0 0.0 0.0 0.0 0.0 0.0 0.0 0.0 0.0 0.0 0.0 0.0 0.0 0.0 0.0 0.0 0.0 0.0 0.0 0.0 0.0 0.0
0.0 0.0 0.0 0.0 0.0 0.0 0.0 0.0 0.0 0.0 0.0 0.0 0.0 0.0 0.0 0.0 0.0 0.0 0.0 0.0 0.0 0.0 0.0 0.0 0.0 0.0 0.0 0.0 0.0 0.0 0.0 0.0 0.0 0.0 0.0 0.0 0.0 0.0 0.0 0.0 0.0 0.251 0.6275 0.6275 0.6275 0.6275 0.6275 0.6275 0.6275 0.6275 0.6275 0.6275 0.6275 0.6275 0.6275 0.6275 0.6275 0.6275 0.6275 0.6275 0.6275 0.6275 0.6275 0.6275 0.6275 0.6275 0.6275 0.6275 0.6275 0.6275 0.6275 0.6275 0.6275 0.6275 0.6275 0.6275 0.6275 0.6275 0.6275 0.6275 0.6275 0.6275 0.6275 0.6275 0.6275 0.6275 0.6275 0.0 0.0 0.0 0.0 0.0 0.0 0.0 0.0 0.0 0.0 0.0 0.0 0.0 0.0 0.0 0.0 0.0 0.0 0.0 0.0 0.0 0.0 0.0 0.0 0.0 0.0 0.0 0.0 0.0 0.0 0.0 0.0 0.0 0.0 0.0 0.0 0.0 0.0 0.0 0.0 0.0
0.0 0.0 0.0 0.0 0.0 0.0 0.0 0.0 0.0 0.0 0.0 0.0 0.0 0.0 0.0 0.0 0.0 0.0 0.0 0.0 0.0 0.0 0.0 0.0 0.0 0.0 0.0 0.0 0.0 0.0 0.0 0.0 0.0 0.0 0.0 0.0 0.0 0.0 0.0 0.0 0.251 0.6275 0.6275 0.6275 0.6275 0.6275 0.6275 0.6275 0.6275 0.6275 0.6275 0.6275 0.6275 0.6275 0.6275 0.6275 0.6275 0.6275 0.6275 0.6275 0.6275 0.6275 0.6275 0.6275 0.6275 0.6275 0.6275 0.6275 0.6275 0.6275 0.6275 0.6275 0.6275 0.6275 0.6275 0.6275 0.6275 0.6275 0.6275 0.6275 0.6275 0.6275 0.6275 0.6275 0.6275 0.6275 0.6275 0.6275 0.0 0.0 0.0 0.0 0.0 0.0 0.0 0.0 0.0 0.0 0.0 0.0 0.0 0.0 0.0 0.0 0.0 0.0 0.0 0.0 0.0 0.0 0.0 0.0 0.0 0.0 0.0 0.0 0.0 0.0 0.0 0.0 0.0 0.0 0.0 0.0 0.0 0.0 0.0 0.0
0.0 0.0 0.0 0.0 0.0 0.0 0.0 0.0 0.0 0.0 0.0 0.0 0.0 0.0 0.0 0.0 0.0 0.0 0.0 0.0 0.0 0.0 0.0 0.0 0.0 0.0 0.0 0.0 0.0 0.0 0.0 0.0 0.0 0.0 0.0 0.0 0.0 0.0 0.0 0.251 0.6275 0.6275 0.6275 0.6275 0.6275 0.6275 0.6275 0.6275 0.6275 0.6275 0.6275 0.6275 0.6275 0.6275 0.6275 0.6275 0.6275 0.6275 0.6275 0.6275 0.6275 0.6275 0.6275 0.6275 0.6275 0.6275 0.6275 0.6275 0.6275 0.6275 0.6275 0.6275 0.6275 0.6275 0.6275 0.6275 0.6275 0.6275 0.6275 0.6275 0.6275 0.6275 0.6275 0.6275 0.6275 0.6275 0.6275 0.6275 0.6275 0.0 0.0 0.0 0.0 0.0 0.0 0.0 0.0 0.0 0.0 0.0 0.0 0.0 0.0 0.0 0.0 0.0 0.0 0.0 0.0 0.0 0.0 0.0 0.0 0.0 0.0 0.0 0.0 0.0 0.0 0.0 0.0 0.0 0.0 0.0 0.0 0.0 0.0 0.0
0.0 0.0 0.0 0.0 0.0 0.0 0.0 0.0 0.0 0.0 0.0 0.0 0.0 0.0 0.0 0.0 0.0 0.0 0.0 0.0 0.0 0.0 0.0 0.0 0.0 0.0 0.0 0.0 0.0 0.0 0.0 0.0 0.0 0.0 0.0 0.0 0.0 0.0 0.251 0.6275 0.6275 0.6275 0.6275 0.6275 0.6275 0.6275 0.6275 0.6275 0.6275 0.6275 0.6275 0.6275 0.6275 0.6275 0.6275 0.6275 0.6275 0.6275 0.6275 0.6275 0.6275 0.6275 0.6275 0.6275 0.6275 0.6275 0.6275 0.6275 0.6275 0.6275 0.6275 0.6275 0.6275 0.6275 0.6275 0.6275 0.6275 0.6275 0.6275 0.6275 0.6275 0.6275 0.6275 0.6275 0.6275 0.6275 0.6275 0.6275 0.6275 0.6275 0.0 0.0 0.0 0.0 0.0 0.0 0.0 0.0 0.0 0.0 0.0 0.0 0.0 0.0 0.0 0.0 0.0 0.0 0.0 0.0 0.0 0.0 0.0 0.0 0.0 0.0 0.0 0.0 0.0 0.0 0.0 0.0 0.0 0.0 0.0 0.0 0.0 0.0
0.0 0.0 0.0 0.0 0.0 0.0 0.0 0.0 0.0 0.0 0.0 0.0 0.0 0.0 0.0 0.0 0.0 0.0 0.0 0.0 0.0 0.0 0.0 0.0 0.0 0.0 0.0 0.0 0.0 0.0 0.0 0.0 0.0 0.0 0.0 0.0 0.0 0.251 0.6275 0.6275 0.6275 0.6275 0.6275 0.6275 0.6275 0.6275 0.6275 0.6275 0.6275 0.6275 0.6275 0.6275 0.6275 0.6275 0.6275 0.6275 0.6275 0.6275 0.6275 0.6275 0.6275 0.6275 0.6275 0.6275 0.6275 0.6275 0.6275 0.6275 0.6275 0.6275 0.6275 0.6275 0.6275 0.6275 0.6275 0.6275 0.6275 0.6275 0.6275 0.6275 0.6275 0.6275 0.6275 0.6275 0.6275 0.6275 0.6275 0.6275 0.6275 0.6275 0.6275 0.0 0.0 0.0 0.0 0.0 0.0 0.0 0.0 0.0 0.0 0.0 0.0 0.0 0.0 0.0 0.0 0.0 0.0 0.0 0.0 0.0 0.0 0.0 0.0 0.0 0.0 0.0 0.0 0.0 0.0 0.0 0.0 0.0 0.0 0.0 0.0 0.0
0.0 0.0 0.0 0.0 0.0 0.0 0.0 0.0 0.0 0.0 0.0 0.0 0.0 0.0 0.0 0.0 0.0 0.0 0.0 0.0 0.0 0.0 0.0 0.0 0.0 0.0 0.0 0.0 0.0 0.0 0.0 0.0 0.0 0.0 0.0 0.0 0.251 0.6275 0.6275 0.6275 0.6275 0.6275 0.6275 0.6275 0.6275 0.6275 0.6275 0.6275 0.6275 0.6275 0.6275 0.6275 0.6275 0.6275 0.6275 0.6275 0.6275 0.6275 0.6275 0.6275 0.6275 0.6275 0.6275 0.6275 0.6275 0.6275 0.6275 0.6275 0.6275 0.6275 0.6275 0.6275 0.6275 0.6275 0.6275 0.6275 0.6275 0.6275 0.6275 0.6275 0.6275 0.6275 0.6275 0.6275 0.6275 0.6275 0.6275 0.6275 0.6275 0.6275 0.6275 0.6275 0.0 0.0 0.0 0.0 0.0 0.0 0.0 0.0 0.0 0.0 0.0 0.0 0.0 0.0 0.0 0.0 0.0 0.0 0.0 0.0 0.0 0.0 0.0 0.0 0.0 0.0 0.0 0.0 0.0 0.0 0.0 0.0 0.0 0.0 0.0 0.0
0.0 0.0 0.0 0.0 0.0 0.0 0.0 0.0 0.0 0.0 0.0 0.0 0.0 0.0 0.0 0.0 0.0 0.0 0.0 0.0 0.0 0.0 0.0 0.0 0.0 0.0 0.0 0.0 0.0 0.0 0.0 0.0 0.0 0.0 0.0 0.251 0.6275 0.6275 0.6275 0.6275 0.6275 0.6275 0.6275 0.6275 0.6275 0.6275 0.6275 0.6275 0.6275 0.6275 0.6275 0.6275 0.6275 0.6275 0.6275 0.6275 0.6275 0.6275 0.6275 0.6275 0.6275 0.6275 0.6275 0.6275 0.6275 0.6275 0.6275 0.6275 0.6275 0.6275 0.6275 0.6275 0.6275 0.6275 0.6275 0.6275 0.6275 0.6275 0.6275 0.6275 0.6275 0.6275 0.6275 0.6275 0.6275 0.6275 0.6275 0.6275 0.6275 0.6275 0.6275 0.6275 0.6275 0.0 0.0 0.0 0.0 0.0 0.0 0.0 0.0 0.0 0.0 0.0 0.0 0.0 0.0 0.0 0.0 0.0 0.0 0.0 0.0 0.0 0.0 0.0 0.0 0.0 0.0 0.0 0.0 0.0 0.0 0.0 0.0 0.0 0.0 0.0
0.0 0.0 0.0 0.0 0.0 0.0 0.0 0.0 0.0 0.0 0.0 0.0 0.0 0.0 0.0 0.0 0.0 0.0 0.0 0.0 0.0 0.0 0.0 0.0 0.0 0.0 0.0 0.0 0.0 0.0 0.0 0.0 0.0 0.0 0.251 0.6275 0.6275 0.6275 0.6275 0.6275 0.6275 0.6275 0.6275 0.6275 0.6275 0.6275 0.6275 0.6275 0.6275 0.6275 0.6275 0.6275 0.6275 0.6275 0.6275 0.6275 0.6275 0.6275 0.6275 0.6275 0.6275 0.6275 0.6275 0.6275 0.6275 0.6275 0.6275 0.6275 0.6275 0.6275 0.6275 0.6275 0.6275 0.6275 0.6275 0.6275 0.6275 0.6275 0.6275 0.6275 0.6275 0.6275 0.6275 0.6275 0.6275 0.6275 0.6275 0.6275 0.6275 0.6275 0.6275 0.6275 0.6275 0.6275 0.0 0.0 0.0 0.0 0.0 0.0 0.0 0.0 0.0 0.0 0.0 0.0 0.0 0.0 0.0 0.0 0.0 0.0 0.0 0.0 0.0 0.0 0.0 0.0 0.0 0.0 0.0 0.0 0.0 0.0 0.0 0.0 0.0 0.0
0.0 0.0 0.0 0.0 0.0 0.0 0.0 0.0 0.0 0.0 0.0 0.0 0.0 0.0 0.0 0.0 0.0 0.0 0.0 0.0 0.0 0.0 0.0 0.0 0.0 0.0 0.0 0.0 0.0 0.0 0.0 0.0 0.0 0.251 0.6275 0.6275 0.6275 0.6275 0.6275 0.6275 0.6275 0.6275 0.6275 0.6275 0.6275 0.6275 0.6275 0.6275 0.6275 0.6275 0.6275 0.6275 0.6275 0.6275 0.6275 0.6275 0.6275 0.6275 0.6275 0.6275 0.6275 0.6275 0.6275 0.6275 0.6275 0.6275 0.6275 0.6275 0.6275 0.6275 0.6275 0.6275 0.6275 0.6275 0.6275 0.6275 0.6275 0.6275 0.6275 0.6275 0.6275 0.6275 0.6275 0.6275 0.6275 0.6275 0.6275 0.6275 0.6275 0.6275 0.6275 0.6275 0.6275 0.6275 0.6275 0.0 0.0 0.0 0.0 0.0 0.0 0.0 0.0 0.0 0.0 0.0 0.0 0.0 0.0 0.0 0.0 0.0 0.0 0.0 0.0 0.0 0.0 0.0 0.0 0.0 0.0 0.0 0.0 0.0 0.0 0.0 0.0 0.0
0.0 0.0 0.0 0.0 0.0 0.0 0.0 0.0 0.0 0.0 0.0 0.0 0.0 0.0 0.0 0.0 0.0 0.0 0.0 0.0 0.0 0.0 0.0 0.0 0.0 0.0 0.0 0.0 0.0 0.0 0.0 0.0 0.251 0.6275 0.6275 0.6275 0.6275 0.6275 0.6275 0.6275 0.6275 0.6275 0.6275 0.6275 0.6275 0.6275 0.6275 0.6275 0.6275 0.6275 0.6275 0.6275 0.6275 0.6275 0.6275 0.6275 0.6275 0.6275 0.6275 0.6275 0.6275 0.6275 0.6275 0.6275 0.6275 0.6275 0.6275 0.6275 0.6275 0.6275 0.6275 0.6275 0.6275 0.6275 0.6275 0.6275 0.6275 0.6275 0.6275 0.6275 0.6275 0.6275 0.6275 0.6275 0.6275 0.6275 0.6275 0.6275 0.6275 0.6275 0.6275 0.6275 0.6275 0.6275 0.6275 0.6275 0.0 0.0 0.0 0.0 0.0 0.0 0.0 0.0 0.0 0.0 0.0 0.0 0.0 0.0 0.0 0.0 0.0 0.0 0.0 0.0 0.0 0.0 0.0 0.0 0.0 0.0 0.0 0.0 0.0 0.0 0.0 0.0
0.0 0.0 0.0 0.0 0.0 0.0 0.0 0.0 0.0 0.0 0.0 0.0 0.0 0.0 0.0 0.0 0.0 0.0 0.0 0.0 0.0 0.0 0.0 0.0 0.0 0.0 0.0 0.0 0.0 0.0 0.0 0.251 0.6275 0.6275 0.6275 0.6275 0.6275 0.6275 0.6275 0.6275 0.6275 0.6275 0.6275 0.6275 0.6275 0.6275 0.6275 0.6275 0.6275 0.6275 0.6275 0.6275 0.6275 0.6275 0.6275 0.6275 0.6275 0.6275 0.6275 0.6275 0.6275 0.6275 0.6275 0.6275 0.6275 0.6275 0.6275 0.6275 0.6275 0.6275 0.6275 0.6275 0.6275 0.6275 0.6275 0.6275 0.6275 0.6275 0.6275 0.6275 0.6275 0.6275 0.6275 0.6275 0.6275 0.6275 0.6275 0.6275 0.6275 0.6275 0.6275 0.6275 0.6275 0.6275 0.6275 0.6275 0.6275 0.0 0.0 0.0 0.0 0.0 0.0 0.0 0.0 0.0 0.0 0.0 0.0 0.0 0.0 0.0 0.0 0.0 0.0 0.0 0.0 0.0 0.0 0.0 0.0 0.0 0.0 0.0 0.0 0.0 0.0 0.0
0.0 0.0 0.0 0.0 0.0 0.0 0.0 0.0 0.0 0.0 0.0 0.0 0.0 0.0 0.0 0.0 0.0 0.0 0.0 0.0 0.0 0.0 0.0 0.0 0.0 0.0 0.0 0.0 0.0 0.0 0.251 0.6275 0.6275 0.6275 0.6275 0.6275 0.6275 0.6275 0.6275 0.6275 0.6275 0.6275 0.6275 0.6275 0.6275 0.6275 0.6275 0.6275 0.6275 0.6275 0.6275 0.6275 0.6275 0.6275 0.6275 0.6275 0.6275 0.6275 0.6275 0.6275 0.6275 0.6275 0.6275 0.6275 0.6275 0.6275 0.6275 0.6275 0.6275 0.6275 0.6275 0.6275 0.6275 0.6275 0.6275 0.6275 0.6275 0.6275 0.6275 0.6275 0.6275 0.6275 0.6275 0.6275 0.6275 0.6275 0.6275 0.6275 0.6275 0.6275 0.6275 0.6275 0.6275 0.6275 0.6275 0.6275 0.6275 0.6275 0.0 0.0 0.0 0.0 0.0 0.0 0.0 0.0 0.0 0.0 0.0 0.0 0.0 0.0 0.0 0.0 0.0 0.0 0.0 0.0 0.0 0.0 0.0 0.0 0.0 0.0 0.0 0.0 0.0 0.0
0.0 0.0 0.0 0.0 0.0 0.0 0.0 0.0 0.0 0.0 0.0 0.0 0.0 0.0 0.0 0.0 0.0 0.0 0.0 0.0 0.0 0.0 0.0 0.0 0.0 0.0 0.0 0.0 0.0 0.251 0.6275 0.6275 0.6275 0.6275 0.6275 0.6275 0.6275 0.6275 0.6275 0.6275 0.6275 0.6275 0.6275 0.6275 0.6275 0.6275 0.6275 0.6275 0.6275 0.6275 0.6275 0.6275 0.6275 0.6275 0.6275 0.6275 0.6275 0.6275 0.6275 0.6275 0.6275 0.6275 0.6275 0.6275 0.6275 0.6275 0.6275 0.6275 0.6275 0.6275 0.6275 0.6275 0.6275 0.6275 0.6275 0.6275 0.6275 0.6275 0.6275 0.6275 0.6275 0.6275 0.6275 0.6275 0.6275 0.6275 0.6275 0.6275 0.6275 0.6275 0.6275 0.6275 0.6275 0.6275 0.6275 0.6275 0.6275 0.6275 0.6275 0.0 0.0 0.0 0.0 0.0 0.0 0.0 0.0 0.0 0.0 0.0 0.0 0.0 0.0 0.0 0.0 0.0 0.0 0.0 0.0 0.0 0.0 0.0 0.0 0.0 0.0 0.0 0.0 0.0
0.0 0.0 0.0 0.0 0.0 0.0 0.0 0.0 0.0 0.0 0.0 0.0 0.0 0.0 0.0 0.0 0.0 0.0 0.0 0.0 0.0 0.0 0.0 0.0 0.0 0.0 0.0 0.0 0.251 0.6275 0.6275 0.6275 0.6275 0.6275 0.6275 0.6275 0.6275 0.6275 0.6275 0.6275 0.6275 0.6275 0.6275 0.6275 0.6275 0.6275 0.6275 0.6275 0.6275 0.6275 0.6275 0.6275 0.6275 0.6275 0.6275 0.6275 0.6275 0.6275 0.6275 0.6275 0.6275 0.6275 0.6275 0.6275 0.6275 0.6275 0.6275 0.6275 0.6275 0.6275 0.6275 0.6275 0.6275 0.6275 0.6275 0.6275 0.6275 0.6275 0.6275 0.6275 0.6275 0.6275 0.6275 0.6275 0.6275 0.6275 0.6275 0.6275 0.6275 0.6275 0.6275 0.6275 0.6275 0.6275 0.6275 0.6275 0.6275 0.6275 0.6275 0.6275 0.0 0.0 0.0 0.0 0.0 0.0 0.0 0.0 0.0 0.0 0.0 0.0 0.0 0.0 0.0 0.0 0.0 0.0 0.0 0.0 0.0 0.0 0.0 0.0 0.0 0.0 0.0 0.0
0.0 0.0 0.0 0.0 0.0 0.0 0.0 0.0 0.0 0.0 0.0 0.0 0.0 0.0 0.0 0.0 0.0 0.0 0.0 0.0 0.0 0.0 0.0 0.0 0.0 0.0 0.0 0.251 0.6275 0.6275 0.6275 0.6275 0.6275 0.6275 0.6275 0.6275 0.6275 0.6275 0.6275 0.6275 0.6275 0.6275 0.6275 0.6275 0.6275 0.6275 0.6275 0.6275 0.6275 0.6275 0.6275 0.6275 0.6275 0.6275 0.6275 0.6275 0.6275 0.6275 0.6275 0.6275 0.6275 0.6275 0.6275 0.6275 0.6275 0.6275 0.6275 0.6275 0.6275 0.6275 0.6275 0.6275 0.6275 0.6275 0.6275 0.6275 0.6275 0.6275 0.6275 0.6275 0.6275 0.6275 0.6275 0.6275 0.6275 0.6275 0.6275 0.6275 0.6275 0.6275 0.6275 0.6275 0.6275 0.6275 0.6275 0.6275 0.6275 0.6275 0.6275 0.6275 0.6275 0.0 0.0 0.0 0.0 0.0 0.0 0.0 0.0 0.0 0.0 0.0 0.0 0.0 0.0 0.0 0.0 0.0 0.0 0.0 0.0 0.0 0.0 0.0 0.0 0.0 0.0 0.0
0.0 0.0 0.0 0.0 0.0 0.0 0.0 0.0 0.0 0.0 0.0 0.0 0.0 0.0 0.0 0.0 0.0 0.0 0.0 0.0 0.0 0.0 0.0 0.0 0.0 0.0 0.251 0.6275 0.6275 0.6275 0.6275 0.6275 0.6275 0.6275 0.6275 0.6275 0.6275 0.6275 0.6275 0.6275 0.6275 0.6275 0.6275 0.6275 0.6275 0.6275 0.6275 0.6275 0.6275 0.6275 0.6275 0.6275 0.6275 0.6275 0.6275 0.6275 0.6275 0.6275 0.6275 0.6275 0.6275 0.6275 0.6275 0.6275 0.6275 0.6275 0.6275 0.6275 0.6275 0.6275 0.6275 0.6275 0.6275 0.6275 0.6275 0.6275 0.6275 0.6275 0.6275 0.6275 0.6275 0.6275 0.6275 0.6275 0.6275 0.6275 0.6275 0.6275 0.6275 0.6275 0.6275 0.6275 0.6275 0.6275 0.6275 0.6275 0.6275 0.6275 0.6275 0.6275 0.6275 0.6275 0.0 0.0 0.0 0.0 0.0 0.0 0.0 0.0 0.0 0.0 0.0 0.0 0.0 0.0 0.0 0.0 0.0 0.0 0.0 0.0 0.0 0.0 0.0 0.0 0.0 0.0
0.0 0.0 0.0 0.0 0.0 0.0 0.0 0.0 0.0 0.0 0.0 0.0 0.0 0.0 0.0 0.0 0.0 0.0 0.0 0.0 0.0 0.0 0.0 0.0 0.0 0.251 0.6275 0.6275 0.6275 0.6275 0.6275 0.6275 0.6275 0.6275 0.6275 0.6275 0.6275 0.6275 0.6275 0.6275 0.6275 0.6275 0.6275 0.6275 0.6275 0.6275 0.6275 0.6275 0.6275 0.6275 0.6275 0.6275 0.6275 0.6275 0.6275 0.6275 0.6275 0.6275 0.6275 0.6275 0.6275 0.6275 0.6275 0.1255 0.6275 0.6275 0.6275 0.6275 0.6275 0.6275 0.6275 0.6275 0.6275 0.6275 0.6275 0.6275 0.6275 0.6275 0.6275 0.6275 0.6275 0.6275 0.6275 0.6275 0.6275 0.6275 0.6275 0.6275 0.6275 0.6275 0.6275 0.6275 0.6275 0.6275 0.6275 0.6275 0.6275 0.6275 0.6275 0.6275 0.6275 0.6275 0.6275 0.0 0.0 0.0 0.0 0.0 0.0 0.0 0.0 0.0 0.0 0.0 0.0 0.0 0.0 0.0 0.0 0.0 0.0 0.0 0.0 0.0 0.0 0.0 0.0 0.0
0.0 0.0 0.0 0.0 0.0 0.0 0.0 0.0 0.0 0.0 0.0 0.0 0.0 0.0 0.0 0.0 0.0 0.0 0.0 0.0 0.0 0.0 0.0 0.0 0.251 0.6275 0.6275 0.6275 0.6275 0.6275 0.6275 0.6275 0.6275 0.6275 0.6275 0.6275 0.6275 0.6275 0.6275 0.6275 0.6275 0.6275 0.6275 0.6275 0.6275 0.6275 0.6275 0.6275 0.6275 0.6275 0.6275 0.6275 0.6275 0.6275 0.6275 0.6275 0.6275 0.6275 0.6275 0.6275 0.6275 0.6275 0.1255 0.0 0.0 0.6275 0.6275 0.6275 0.6275 0.6275 0.6275 0.6275 0.6275 0.6275 0.6275 0.6275 0.6275 0.6275 0.6275 0.6275 0.6275 0.6275 0.6275 0.6275 0.6275 0.6275 0.6275 0.6275 0.6275 0.6275 0.6275 0.6275 0.6275 0.6275 0.6275 0.6275 0.6275 0.6275 0.6275 0.6275 0.6275 0.6275 0.6275 0.6275 0.0 0.0 0.0 0.0 0.0 0.0 0.0 0.0 0.0 0.0 0.0 0.0 0.0 0.0 0.0 0.0 0.0 0.0 0.0 0.0 0.0 0.0 0.0 0.0
0.0 0.0 0.0 0.0 0.0 0.0 0.0 0.0 0.0 0.0 0.0 0.0 0.0 0.0 0.0 0.0 0.0 0.0 0.0 0.0 0.0 0.0 0.0 0.251 0.6275 0.6275 0.6275 0.6275 0.6275 0.6275 0.6275 0.6275 0.6275 0.6275 0.6275 0.6275 0.6275 0.6275 0.6275 0.6275 0.6275 0.6275 0.6275 0.6275 0.6275 0.6275 0.6275 0.6275 0.6275 0.6275 0.6275 0.6275 0.6275 0.6275 0.6275 0.6275 0.6275 0.6275 0.6275 0.6275 0.6275 0.1255 0.0 0.0 0.0 0.0 0.6275 0.6275 0.6275 0.6275 0.6275 0.6275 0.6275 0.6275 0.6275 0.6275 0.6275 0.6275 0.6275 0.6275 0.6275 0.6275 0.6275 0.6275 0.6275 0.6275 0.6275 0.6275 0.6275 0.6275 0.6275 0.6275 0.6275 0.6275 0.6275 0.6275 0.6275 0.6275 0.6275 0.6275 0.6275 0.6275 0.6275 0.6275 0.6275 0.0 0.0 0.0 0.0 0.0 0.0 0.0 0.0 0.0 0.0 0.0 0.0 0.0 0.0 0.0 0.0 0.0 0.0 0.0 0.0 0.0 0.0 0.0
0.0 0.0 0.0 0.0 0.0 0.0 0.0 0.0 0.0 0.0 0.0 0.0 0.0 0.0 0.0 0.0 0.0 0.0 0.0 0.0 0.0 0.0 0.251 0.6275 0.6275 0.6275 0.6275 0.6275 0.6275 0.6275 0.6275 0.6275 0.6275 0.6275 0.6275 0.6275 0.6275 0.6275 0.6275 0.6275 0.6275 0.6275 0.6275 0.6275 0.6275 0.6275 0.6275 0.6275 0.6275 0.6275 0.6275 0.6275 0.6275 0.6275 0.6275 0.6275 0.6275 0.6275 0.6275 0.6275 0.1255 0.0 0.0 0.0 0.0 0.0 0.0 0.6275 0.6275 0.6275 0.6275 0.6275 0.6275 0.6275 0.6275 0.6275 0.6275 0.6275 0.6275 0.6275 0.6275 0.6275 0.6275 0.6275 0.6275 0.6275 0.6275 0.6275 0.6275 0.6275 0.6275 0.6275 0.6275 0.6275 0.6275 0.6275 0.6275 0.6275 0.6275 0.6275 0.6275 0.6275 0.6275 0.6275 0.6275 0.6275 0.0 0.0 0.0 0.0 0.0 0.0 0.0 0.0 0.0 0.0 0.0 0.0 0.0 0.0 0.0 0.0 0.0 0.0 0.0 0.0 0.0 0.0
0.0 0.0 0.0 0.0 0.0 0.0 0.0 0.0 0.0 0.0 0.0 0.0 0.0 0.0 0.0 0.0 0.0 0.0 0.0 0.0 0.0 0.251 0.6275 0.6275 0.6275 0.6275 0.6275 0.6275 0.6275 0.6275 0.6275 0.6275 0.6275 0.6275 0.6275 0.6275 0.6275 0.6275 0.6275 0.6275 0.6275 0.6275 0.6275 0.6275 0.6275 0.6275 0.6275 0.6275 0.6275 0.6275 0.6275 0.6275 0.6275 0.6275 0.6275 0.6275 0.6275 0.6275 0.6275 0.1255 0.0 0.0 0.0 0.0 0.0 0.0 0.0 0.0 0.6275 0.6275 0.6275 0.6275 0.6275 0.6275 0.6275 0.6275 0.6275 0.6275 0.6275 0.6275 0.6275 0.6275 0.6275 0.6275 0.6275 0.6275 0.6275 0.6275 0.6275 0.6275 0.6275 0.6275 0.6275 0.6275 0.6275 0.6275 0.6275 0.6275 0.6275 0.6275 0.6275 0.6275 0.6275 0.6275 0.6275 0.6275 0.6275 0.0 0.0 0.0 0.0 0.0 0.0 0.0 0.0 0.0 0.0 0.0 0.0 0.0 0.0 0.0 0.0 0.0 0.0 0.0 0.0 0.0
0.0 0.0 0.0 0.0 0.0 0.0 0.0 0.0 0.0 0.0 0.0 0.0 0.0 0.0 0.0 0.0 0.0 0.0 0.0 0.0 0.251 0.6275 0.6275 0.6275 0.6275 0.6275 0.6275 0.6275 0.6275 0.6275 0.6275 0.6275 0.6275 0.6275 0.6275 0.6275 0.6275 0.6275 0.6275 0.6275 0.6275 0.6275 0.6275 0.6275 0.6275 0.6275 0.6275 0.6275 0.6275 0.6275 0.6275 0.6275 0.6275 0.6275 0.6275 0.6275 0.6275 0.6275 0.1255 0.0 0.0 0.0 0.0 0.0 0.0 0.0 0.0 0.0 0.0 0.6275 0.6275 0.6275 0.6275 0.6275 0.6275 0.6275 0.6275 0.6275 0.6275 0.6275 0.6275 0.6275 0.6275 0.6275 0.6275 0.6275 0.6275 0.6275 0.6275 0.6275 0.6275 0.6275 0.6275 0.6275 0.6275 0.6275 0.6275 0.6275 0.6275 0.6275 0.6275 0.6275 0.6275 0.6275 0.6275 0.6275 0.6275 0.6275 0.0 0.0 0.0 0.0 0.0 0.0 0.0 0.0 0.0 0.0 0.0 0.0 0.0 0.0 0.0 0.0 0.0 0.0 0.0 0.0
0.0 0.0 0.0 0.0 0.0 0.0 0.0 0.0 0.0 0.0 0.0 0.0 0.0 0.0 0.0 0.0 0.0 0.0 0.0 0.0 0.6275 0.6275 0.6275 0.6275 0.6275 0.6275 0.6275 0.6275 0.6275 0.6275 0.6275 0.6275 0.6275 0.6275 0.6275 0.6275 0.6275 0.6275 0.6275 0.6275 0.6275 0.6275 0.6275 0.6275 0.6275 0.6275 0.6275 0.6275 0.6275 0.6275 0.6275 0.6275 0.6275 0.6275 0.6275 0.6275 0.6275 0.1255 0.0 0.0 0.0 0.0 0.0 0.0 0.0 0.0 0.0 0.0 0.0 0.0 0.6275 0.6275 0.6275 0.6275 0.6275 0.6275 0.6275 0.6275 0.6275 0.6275 0.6275 0.6275 0.6275 0.6275 0.6275 0.6275 0.6275 0.6275 0.6275 0.6275 0.6275 0.6275 0.6275 0.6275 0.6275 0.6275 0.6275 0.6275 0.6275 0.6275 0.6275 0.6275 0.6275 0.6275 0.6275 0.6275 0.6275 0.251 0.0 0.0 0.0 0.0 0.0 0.0 0.0 0.0 0.0 0.0 0.0 0.0 0.0 0.0 0.0 0.0 0.0 0.0 0.0 0.0
0.0 0.0 0.0 0.0 0.0 0.0 0.0 0.0 0.0 0.0 0.0 0.0 0.0 0.0 0.0 0.0 0.0 0.0 0.0 0.0 0.6275 0.6275 0.6275 0.6275 0.6275 0.6275 0.6275 0.6275 0.6275 0.6275 0.6275 0.6275 0.6275 0.6275 0.6275 0.6275 0.6275 0.6275 0.6275 0.6275 0.6275 0.6275 0.6275 0.6275 0.6275 0.6275 0.6275 0.6275 0.6275 0.6275 0.6275 0.6275 0.6275 0.6275 0.6275 0.6275 0.1255 0.0 0.0 0.0 0.0 0.0 0.0 0.0 0.0 0.0 0.0 0.0 0.0 0.0 0.0 0.6275 0.6275 0.6275 0.6275 0.6275 0.6275 0.6275 0.6275 0.6275 0.6275 0.6275 0.6275 0.6275 0.6275 0.6275 0.6275 0.6275 0.6275 0.6275 0.6275 0.6275 0.6275 0.6275 0.6275 0.6275 0.6275 0.6275 0.6275 0.6275 0.6275 0.6275 0.6275 0.6275 0.6275 0.6275 0.251 0.0 0.0 0.0 0.0 0.0 0.0 0.0 0.0 0.0 0.0 0.0 0.0 0.0 0.0 0.0 0.0 0.0 0.0 0.0 0.0 0.0
0.0 0.0 0.0 0.0 0.0 0.0 0.0 0.0 0.0 0.0 0.0 0.0 0.0 0.0 0.0 0.0 0.0 0.0 0.0 0.0 0.0 0.6275 0.6275 0.6275 0.6275 0.6275 0.6275 0.6275 0.6275 0.6275 0.6275 0.6275 0.6275 0.6275 0.6275 0.6275 0.6275 0.6275 0.6275 0.6275 0.6275 0.6275 0.6275 0.6275 0.6275 0.6275 0.6275 0.6275 0.6275 0.6275 0.6275 0.6275 0.6275 0.6275 0.6275 0.1255 0.0 0.0 0.0 0.0 0.0 0.0 0.0 0.0 0.0 0.0 0.0 0.0 0.0 0.0 0.0 0.0 0.6275 0.6275 0.6275 0.6275 0.6275 0.6275 0.6275 0.6275 0.6275 0.6275 0.6275 0.6275 0.6275 0.6275 0.6275 0.6275 0.6275 0.6275 0.6275 0.6275 0.6275 0.6275 0.6275 0.6275 0.6275 0.6275 0.6275 0.6275 0.6275 0.6275 0.6275 0.6275 0.6275 0.251 0.0 0.0 0.0 0.0 0.0 0.0 0.0 0.0 0.0 0.0 0.0 0.0 0.0 0.0 0.0 0.0 0.0 0.0 0.0 0.0 0.0 0.0
0.0 0.0 0.0 0.0 0.0 0.0 0.0 0.0 0.0 0.0 0.0 0.0 0.0 0.0 0.0 0.0 0.0 0.0 0.0 0.0 0.0 0.0 0.6275 0.6275 0.6275 0.6275 0.6275 0.6275 0.6275 0.6275 0.6275 0.6275 0.6275 0.6275 0.6275 0.6275 0.6275 0.6275 0.6275 0.6275 0.6275 0.6275 0.6275 0.6275 0.6275 0.6275 0.6275 0.6275 0.6275 0.6275 0.6275 0.6275 0.6275 0.6275 0.1255 0.0 0.0 0.0 0.0 0.0 0.0 0.0 0.0 0.0 0.0 0.0 0.0 0.0 0.0 0.0 0.0 0.0 0.0 0.6275 0.6275 0.6275 0.6275 0.6275 0.6275 0.6275 0.6275 0.6275 0.6275 0.6275 0.6275 0.6275 0.6275 0.6275 0.6275 0.6275 0.6275 0.6275 0.6275 0.6275 0.6275 0.6275 0.6275 0.6275 0.6275 0.6275 0.6275 0.6275 0.6275 0.6275 0.251 0.0 0.0 0.0 0.0 0.0 0.0 0.0 0.0 0.0 0.0 0.0 0.0 0.0 0.0 0.0 0.0 0.0 0.0 0.0 0.0 0.0 0.0 0.0
0.0 0.0 0.0 0.0 0.0 0.0 0.0 0.0 0.0 0.0 0.0 0.0 0.0 0.0 0.0 0.0 0.0 0.0 0.0 0.0 0.0 0.0 0.0 0.6275 0.6275 0.6275 0.6275 0.6275 0.6275 0.6275 0.6275 0.6275 0.6275 0.6275 0.6275 0.6275 0.6275 0.6275 0.6275 0.6275 0.6275 0.6275 0.6275 0.6275 0.6275 0.6275 0.6275 0.6275 0.6275 0.6275 0.6275 0.6275 0.6275 0.1255 0.0 0.0 0.0 0.0 0.0 0.0 0.0 0.0 0.0 0.0 0.0 0.0 0.0 0.0 0.0 0.0 0.0 0.0 0.0 0.0 0.6275 0.6275 0.6275 0.6275 0.6275 0.6275 0.6275 0.6275 0.6275 0.6275 0.6275 0.6275 0.6275 0.6275 0.6275 0.6275 0.6275 0.6275 0.6275 0.6275 0.6275 0.6275 0.6275 0.6275 0.6275 0.6275 0.6275 0.6275 0.6275 0.251 0.0 0.0 0.0 0.0 0.0 0.0 0.0 0.0 0.0 0.0 0.0 0.0 0.0 0.0 0.0 0.0 0.0 0.0 0.0 0.0 0.0 0.0 0.0 0.0
0.0 0.0 0.0 0.0 0.0 0.0 0.0 0.0 0.0 0.0 0.0 0.0 0.0 0.0 0.0 0.0 0.0 0.0 0.0 0.0 0.0 0.0 0.0 0.0 0.6275 0.6275 0.6275 0.6275 0.6275 0.6275 0.6275 0.6275 0.6275 0.6275 0.6275 0.6275 0.6275 0.6275 0.6275 0.6275 0.6275 0.6275 0.6275 0.6275 0.6275 0.6275 0.6275 0.6275 0.6275 0.6275 0.6275 0.6275 0.1255 0.0 0.0 0.0 0.0 0.0 0.0 0.0 0.0 0.0 0.0 0.0 0.0 0.0 0.0 0.0 0.0 0.0 0.0 0.0 0.0 0.0 0.0 0.6275 0.6275 0.6275 0.6275 0.6275 0.6275 0.6275 0.6275 0.6275 0.6275 0.6275 0.6275 0.6275 0.6275 0.6275 0.6275 0.6275 0.6275 0.6275 0.6275 0.6275 0.6275 0.6275 0.6275 0.6275 0.6275 0.6275 0.4183 0.0 0.0 0.0 0.0 0.0 0.0 0.0 0.0 0.0 0.0 0.0 0.0 0.0 0.0 0.0 0.0 0.0 0.0 0.0 0.0 0.0 0.0 0.0 0.0 0.0
0.0 0.0 0.0 0.0 0.0 0.0 0.0 0.0 0.0 0.0 0.0 0.0 0.0 0.0 0.0 0.0 0.0 0.0 0.0 0.0 0.0 0.0 0.0 0.0 0.0 0.6275 0.6275 0.6275 0.6275 0.6275 0.6275 0.6275 0.6275 0.6275 0.6275 0.6275 0.6275 0.6275 0.6275 0.6275 0.6275 0.6275 0.6275 0.6275 0.6275 0.6275 0.6275 0.6275 0.6275 0.6275 0.6275 0.1255 0.0 0.0 0.0 0.0 0.0 0.0 0.0 0.0 0.0 0.0 0.0 0.0 0.0 0.0 0.0 0.0 0.0 0.0 0.0 0.0 0.0 0.0 0.0 0.0 0.6275 0.6275 0.6275 0.6275 0.6275 0.6275 0.6275 0.6275 0.6275 0.6275 0.6275 0.6275 0.6275 0.6275 0.6275 0.6275 0.6275 0.6275 0.6275 0.6275 0.6275 0.6275 0.6275 0.6275 0.6275 0.4183 0.0 0.0 0.0 0.0 0.0 0.0 0.0 0.0 0.0 0.0 0.0 0.0 0.0 0.0 0.0 0.0 0.0 0.0 0.0 0.0 0.0 0.0 0.0 0.0 0.0 0.0
0.0 0.0 0.0 0.0 0.0 0.0 0.0 0.0 0.0 0.0 0.0 0.0 0.0 0.0 0.0 0.0 0.0 0.0 0.0 0.0 0.0 0.0 0.0 0.0 0.0 0.0 0.0 0.1255 0.6275 0.6275 0.6275 0.6275 0.6275 0.6275 0.6275 0.6275 0.6275 0.6275 0.6275 0.6275 0.6275 0.6275 0.6275 0.6275 0.6275 0.6275 0.6275 0.6275 0.6275 0.6275 0.6275 0.0 0.0 0.0 0.0 0.0 0.0 0.0 0.0 0.0 0.0 0.0 0.0 0.0 0.0 0.0 0.0 0.0 0.0 0.0 0.0 0.0 0.0 0.0 0.0 0.0 0.0 0.4183 0.6275 0.6275 0.6275 0.6275 0.6275 0.6275 0.6275 0.6275 0.6275 0.6275 0.6275 0.6275 0.6275 0.6275 0.6275 0.6275 0.6275 0.6275 0.6275 0.6275 0.6275 0.6275 0.0 0.0 0.0 0.0 0.0 0.0 0.0 0.0 0.0 0.0 0.0 0.0 0.0 0.0 0.0 0.0 0.0 0.0 0.0 0.0 0.0 0.0 0.0 0.0 0.0 0.0 0.0 0.0
0.0 0.0 0.0 0.0 0.0 0.0 0.0 0.0 0.0 0.0 0.0 0.0 0.0 0.0 0.0 0.0 0.0 0.0 0.0 0.0 0.0 0.0 0.0 0.0 0.0 0.0 0.0 0.0 0.1255 0.6275 0.6275 0.6275 0.6275 0.6275 0.6275 0.6275 0.6275 0.6275 0.6275 0.6275 0.6275 0.6275 0.6275 0.6275 0.6275 0.6275 0.6275 0.6275 0.6275 0.0 0.0 0.0 0.0 0.0 0.0 0.0 0.0 0.0 0.0 0.0 0.0 0.0 0.0 0.0 0.0 0.0 0.0 0.0 0.0 0.0 0.0 0.0 0.0 0.0 0.0 0.0 0.0 0.0 0.4183 0.6275 0.6275 0.6275 0.6275 0.6275 0.6275 0.6275 0.6275 0.6275 0.6275 0.6275 0.6275 0.6275 0.6275 0.6275 0.6275 0.6275 0.6275 0.6275 0.6275 0.0 0.0 0.0 0.0 0.0 0.0 0.0 0.0 0.0 0.0 0.0 0.0 0.0 0.0 0.0 0.0 0.0 0.0 0.0 0.0 0.0 0.0 0.0 0.0 0.0 0.0 0.0 0.0 0.0
0.0 0.0 0.0 0.0 0.0 0.0 0.0 0.0 0.0 0.0 0.0 0.0 0.0 0.0 0.0 0.0 0.0 0.0 0.0 0.0 0.0 0.0 0.0 0.0 0.0 0.0 0.0 0.0 0.0 0.1255 0.6275 0.6275 0.6275 0.6275 0.6275 0.6275 0.6275 0.6275 0.6275 0.6275 0.6275 0.6275 0.6275 0.6275 0.6275 0.6275 0.6275 0.6275 0.0 0.0 0.0 0.0 0.0 0.0 0.0 0.0 0.0 0.0 0.0 0.0 0.0 0.0 0.0 0.0 0.0 0.0 0.0 0.0 0.0 0.0 0.0 0.0 0.0 0.0 0.0 0.0 0.0 0.0 0.0 0.4183 0.6275 0.6275 0.6275 0.6275 0.6275 0.6275 0.6275 0.6275 0.6275 0.6275 0.6275 0.6275 0.6275 0.6275 0.6275 0.6275 0.6275 0.6275 0.0 0.0 0.0 0.0 0.0 0.0 0.0 0.0 0.0 0.0 0.0 0.0 0.0 0.0 0.0 0.0 0.0 0.0 0.0 0.0 0.0 0.0 0.0 0.0 0.0 0.0 0.0 0.0 0.0 0.0
0.0 0.0 0.0 0.0 0.0 0.0 0.0 0.0 0.0 0.0 0.0 0.0 0.0 0.0 0.0 0.0 0.0 0.0 0.0 0.0 0.0 0.0 0.0 0.0 0.0 0.0 0.0 0.0 0.0 0.0 0.1255 0.6275 0.6275 0.6275 0.6275 0.6275 0.6275 0.6275 0.6275 0.6275 0.6275 0.6275 0.6275 0.6275 0.6275 0.6275 0.6275 0.0 0.0 0.0 0.0 0.0 0.0 0.0 0.0 0.0 0.0 0.0 0.0 0.0 0.0 0.0 0.0 0.0 0.0 0.0 0.0 0.0 0.0 0.0 0.0 0.0 0.0 0.0 0.0 0.0 0.0 0.0 0.0 0.0 0.4183 0.6275 0.6275 0.6275 0.6275 0.6275 0.6275 0.6275 0.6275 0.6275 0.6275 0.6275 0.6275 0.6275 0.6275 0.6275 0.6275 0.0 0.0 0.0 0.0 0.0 0.0 0.0 0.0 0.0 0.0 0.0 0.0 0.0 0.0 0.0 0.0 0.0 0.0 0.0 0.0 0.0 0.0 0.0 0.0 0.0 0.0 0.0 0.0 0.0 0.0 0.0
0.0 0.0 0.0 0.0 0.0 0.0 0.0 0.0 0.0 0.0 0.0 0.0 0.0 0.0 0.0 0.0 0.0 0.0 0.0 0.0 0.0 0.0 0.0 0.0 0.0 0.0 0.0 0.0 0.0 0.0 0.0 0.1255 0.6275 0.6275 0.6275 0.6275 0.6275 0.6275 0.6275 0.6275 0.6275 0.6275 0.6275 0.6275 0.6275 0.6275 0.0 0.0 0.0 0.0 0.0 0.0 0.0 0.0 0.0 0.0 0.0 0.0 0.0 0.0 0.0 0.0 0.0 0.0 0.0 0.0 0.0 0.0 0.0 0.0 0.0 0.0 0.0 0.0 0.0 0.0 0.0 0.0 0.0 0.0 0.0 0.4183 0.6275 0.6275 0.6275 0.6275 0.6275 0.6275 0.6275 0.6275 0.6275 0.6275 0.6275 0.6275 0.6275 0.6275 0.0 0.0 0.0 0.0 0.0 0.0 0.0 0.0 0.0 0.0 0.0 0.0 0.0 0.0 0.0 0.0 0.0 0.0 0.0 0.0 0.0 0.0 0.0 0.0 0.0 0.0 0.0 0.0 0.0 0.0 0.0 0.0
0.0 0.0 0.0 0.0 0.0 0.0 0.0 0.0 0.0 0.0 0.0 0.0 0.0 0.0 0.0 0.0 0.0 0.0 0.0 0.0 0.0 0.0 0.0 0.0 0.0 0.0 0.0 0.0 0.0 0.0 0.0 0.0 0.1255 0.6275 0.6275 0.6275 0.6275 0.6275 0.6275 0.6275 0.6275 0.6275 0.6275 0.6275 0.6275 0.0 0.0 0.0 0.0 0.0 0.0 0.0 0.0 0.0 0.0 0.0 0.0 0.0 0.0 0.0 0.0 0.0 0.0 0.0 0.0 0.0 0.0 0.0 0.0 0.0 0.0 0.0 0.0 0.0 0.0 0.0 0.0 0.0 0.0 0.0 0.0 0.0 0.4183 0.6275 0.6275 0.6275 0.6275 0.6275 0.6275 0.6275 0.6275 0.6275 0.6275 0.6275 0.6275 0.0 0.0 0.0 0.0 0.0 0.0 0.0 0.0 0.0 0.0 0.0 0.0 0.0 0.0 0.0 0.0 0.0 0.0 0.0 0.0 0.0 0.0 0.0 0.0 0.0 0.0 0.0 0.0 0.0 0.0 0.0 0.0 0.0
0.0 0.0 0.0 0.0 0.0 0.0 0.0 0.0 0.0 0.0 0.0 0.0 0.0 0.0 0.0 0.0 0.0 0.0 0.0 0.0 0.0 0.0 0.0 0.0 0.0 0.0 0.0 0.0 0.0 0.0 0.0 0.0 0.0 0.1255 0.6275 0.6275 0.6275 0.6275 0.6275 0.6275 0.6275 0.6275 0.6275 0.6275 0.0 0.0 0.0 0.0 0.0 0.0 0.0 0.0 0.0 0.0 0.0 0.0 0.0 0.0 0.0 0.0 0.0 0.0 0.0 0.0 0.0 0.0 0.0 0.0 0.0 0.0 0.0 0.0 0.0 0.0 0.0 0.0 0.0 0.0 0.0 0.0 0.0 0.0 0.0 0.4183 0.6275 0.6275 0.6275 0.6275 0.6275 0.6275 0.6275 0.6275 0.6275 0.6275 0.0 0.0 0.0 0.0 0.0 0.0 0.0 0.0 0.0 0.0 0.0 0.0 0.0 0.0 0.0 0.0 0.0 0.0 0.0 0.0 0.0 0.0 0.0 0.0 0.0 0.0 0.0 0.0 0.0 0.0 0.0 0.0 0.0 0.0
0.0 0.0 0.0 0.0 0.0 0.0 0.0 0.0 0.0 0.0 0.0 0.0 0.0 0.0 0.0 0.0 0.0 0.0 0.0 0.0 0.0 0.0 0.0 0.0 0.0 0.0 0.0 0.0 0.0 0.0 0.0 0.0 0.0 0.0 0.1255 0.6275 0.6275 0.6275 0.6275 0.6275 0.6275 0.6275 0.6275 0.0 0.0 0.0 0.0 0.0 0.0 0.0 0.0 0.0 0.0 0.0 0.0 0.0 0.0 0.0 0.0 0.0 0.0 0.0 0.0 0.0 0.0 0.0 0.0 0.0 0.0 0.0 0.0 0.0 0.0 0.0 0.0 0.0 0.0 0.0 0.0 0.0 0.0 0.0 0.0 0.0 0.4183 0.6275 0.6275 0.6275 0.6275 0.6275 0.6275 0.6275 0.6275 0.0 0.0 0.0 0.0 0.0 0.0 0.0 0.0 0.0 0.0 0.0 0.0 0.0 0.0 0.0 0.0 0.0 0.0 0.0 0.0 0.0 0.0 0.0 0.0 0.0 0.0 0.0 0.0 0.0 0.0 0.0 0.0 0.0 0.0 0.0
0.0 0.0 0.0 0.0 0.0 0.0 0.0 0.0 0.0 0.0 0.0 0.0 0.0 0.0 0.0 0.0 0.0 0.0 0.0 0.0 0.0 0.0 0.0 0.0 0.0 0.0 0.0 0.0 0.0 0.0 0.0 0.0 0.0 0.0 0.0 0.1255 0.6275 0.6275 0.6275 0.6275 0.6275 0.6275 0.0 0.0 0.0 0.0 0.0 0.0 0.0 0.0 0.0 0.0 0.0 0.0 0.0 0.0 0.0 0.0 0.0 0.0 0.0 0.0 0.0 0.0 0.0 0.0 0.0 0.0 0.0 0.0 0.0 0.0 0.0 0.0 0.0 0.0 0.0 0.0 0.0 0.0 0.0 0.0 0.0 0.0 0.0 0.4183 0.6275 0.6275 0.6275 0.6275 0.6275 0.6275 0.0 0.0 0.0 0.0 0.0 0.0 0.0 0.0 0.0 0.0 0.0 0.0 0.0 0.0 0.0 0.0 0.0 0.0 0.0 0.0 0.0 0.0 0.0 0.0 0.0 0.0 0.0 0.0 0.0 0.0 0.0 0.0 0.0 0.0 0.0 0.0
0.0 0.0 0.0 0.0 0.0 0.0 0.0 0.0 0.0 0.0 0.0 0.0 0.0 0.0 0.0 0.0 0.0 0.0 0.0 0.0 0.0 0.0 0.0 0.0 0.0 0.0 0.0 0.0 0.0 0.0 0.0 0.0 0.0 0.0 0.0 0.0 0.1255 0.6275 0.6275 0.6275 0.6275 0.0 0.0 0.0 0.0 0.0 0.0 0.0 0.0 0.0 0.0 0.0 0.0 0.0 0.0 0.0 0.0 0.0 0.0 0.0 0.0 0.0 0.0 0.0 0.0 0.0 0.0 0.0 0.0 0.0 0.0 0.0 0.0 0.0 0.0 0.0 0.0 0.0 0.0 0.0 0.0 0.0 0.0 0.0 0.0 0.0 0.4183 0.6275 0.6275 0.6275 0.6275 0.0 0.0 0.0 0.0 0.0 0.0 0.0 0.0 0.0 0.0 0.0 0.0 0.0 0.0 0.0 0.0 0.0 0.0 0.0 0.0 0.0 0.0 0.0 0.0 0.0 0.0 0.0 0.0 0.0 0.0 0.0 0.0 0.0 0.0 0.0 0.0 0.0
0.0 0.0 0.0 0.0 0.0 0.0 0.0 0.0 0.0 0.0 0.0 0.0 0.0 0.0 0.0 0.0 0.0 0.0 0.0 0.0 0.0 0.0 0.0 0.0 0.0 0.0 0.0 0.0 0.0 0.0 0.0 0.0 0.0 0.0 0.0 0.0 0.0 0.1255 0.6275 0.6275 0.0 0.0 0.0 0.0 0.0 0.0 0.0 0.0 0.0 0.0 0.0 0.0 0.0 0.0 0.0 0.0 0.0 0.0 0.0 0.0 0.0 0.0 0.0 0.0 0.0 0.0 0.0 0.0 0.0 0.0 0.0 0.0 0.0 0.0 0.0 0.0 0.0 0.0 0.0 0.0 0.0 0.0 0.0 0.0 0.0 0.0 0.0 0.4183 0.6275 0.6275 0.0 0.0 0.0 0.0 0.0 0.0 0.0 0.0 0.0 0.0 0.0 0.0 0.0 0.0 0.0 0.0 0.0 0.0 0.0 0.0 0.0 0.0 0.0 0.0 0.0 0.0 0.0 0.0 0.0 0.0 0.0 0.0 0.0 0.0 0.0 0.0 0.0 0.0
0.0 0.0 0.0 0.0 0.0 0.0 0.0 0.0 0.0 0.0 0.0 0.0 0.0 0.0 0.0 0.0 0.0 0.0 0.0 0.0 0.0 0.0 0.0 0.0 0.0 0.0 0.0 0.0 0.0 0.0 0.0 0.0 0.0 0.0 0.0 0.0 0.0 0.0 0.1255 0.0 0.0 0.0 0.0 0.0 0.0 0.0 0.0 0.0 0.0 0.0 0.0 0.0 0.0 0.0 0.0 0.0 0.0 0.0 0.0 0.0 0.0 0.0 0.0 0.0 0.0 0.0 0.0 0.0 0.0 0.0 0.0 0.0 0.0 0.0 0.0 0.0 0.0 0.0 0.0 0.0 0.0 0.0 0.0 0.0 0.0 0.0 0.0 0.0 0.4183 0.0 0.0 0.0 0.0 0.0 0.0 0.0 0.0 0.0 0.0 0.0 0.0 0.0 0.0 0.0 0.0 0.0 0.0 0.0 0.0 0.0 0.0 0.0 0.0 0.0 0.0 0.0 0.0 0.0 0.0 0.0 0.0 0.0 0.0 0.0 0.0 0.0 0.0 0.0
0.0 0.0 0.0 0.0 0.0 0.0 0.0 0.0 0.0 0.0 0.0 0.0 0.0 0.0 0.0 0.0 0.0 0.0 0.0 0.0 0.0 0.0 0.0 0.0 0.0 0.0 0.0 0.0 0.0 0.0 0.0 0.0 0.0 0.0 0.0 0.0 0.0 0.0 0.0 0.0 0.0 0.0 0.0 0.0 0.0 0.0 0.0 0.0 0.0 0.0 0.0 0.0 0.0 0.0 0.0 0.0 0.0 0.0 0.0 0.0 0.0 0.0 0.0 0.0 0.0 0.0 0.0 0.0 0.0 0.0 0.0 0.0 0.0 0.0 0.0 0.0 0.0 0.0 0.0 0.0 0.0 0.0 0.0 0.0 0.0 0.0 0.0 0.0 0.0 0.0 0.0 0.0 0.0 0.0 0.0 0.0 0.0 0.0 0.0 0.0 0.0 0.0 0.0 0.0 0.0 0.0 0.0 0.0 0.0 0.0 0.0 0.0 0.0 0.0 0.0 0.0 0.0 0.0 0.0 0.0 0.0 0.0 0.0 0.0 0.0 0.0 0.0 0.0
0.0 0.0 0.0 0.0 0.0 0.0 0.0 0.0 0.0 0.0 0.0 0.0 0.0 0.0 0.0 0.0 0.0 0.0 0.0 0.0 0.0 0.0 0.0 0.0 0.0 0.0 0.0 0.0 0.0 0.0 0.0 0.0 0.0 0.0 0.0 0.0 0.0 0.0 0.0 0.0 0.0 0.0 0.0 0.0 0.0 0.0 0.0 0.0 0.0 0.0 0.0 0.0 0.0 0.0 0.0 0.0 0.0 0.0 0.0 0.0 0.0 0.0 0.0 0.0 0.0 0.0 0.0 0.0 0.0 0.0 0.0 0.0 0.0 0.0 0.0 0.0 0.0 0.0 0.0 0.0 0.0 0.0 0.0 0.0 0.0 0.0 0.0 0.0 0.0 0.0 0.0 0.0 0.0 0.0 0.0 0.0 0.0 0.0 0.0 0.0 0.0 0.0 0.0 0.0 0.0 0.0 0.0 0.0 0.0 0.0 0.0 0.0 0.0 0.0 0.0 0.0 0.0 0.0 0.0 0.0 0.0 0.0 0.0 0.0 0.0 0.0 0.0 0.0
0.0 0.0 0.0 0.0 0.0 0.0 0.0 0.0 0.0 0.0 0.0 0.0 0.0 0.0 0.0 0.0 0.0 0.0 0.0 0.0 0.0 0.0 0.0 0.0 0.0 0.0 0.0 0.0 0.0 0.0 0.0 0.0 0.0 0.0 0.0 0.0 0.0 0.0 0.0 0.0 0.0 0.0 0.0 0.0 0.0 0.0 0.0 0.0 0.0 0.0 0.0 0.0 0.0 0.0 0.0 0.0 0.0 0.0 0.0 0.0 0.0 0.0 0.0 0.0 0.0 0.0 0.0 0.0 0.0 0.0 0.0 0.0 0.0 0.0 0.0 0.0 0.0 0.0 0.0 0.0 0.0 0.0 0.0 0.0 0.0 0.0 0.0 0.0 0.0 0.0 0.0 0.0 0.0 0.0 0.0 0.0 0.0 0.0 0.0 0.0 0.0 0.0 0.0 0.0 0.0 0.0 0.0 0.0 0.0 0.0 0.0 0.0 0.0 0.0 0.0 0.0 0.0 0.0 0.0 0.0 0.0 0.0 0.0 0.0 0.0 0.0 0.0 0.0
0.0 0.0 0.0 0.0 0.0 0.0 0.0 0.0 0.0 0.0 0.0 0.0 0.0 0.0 0.0 0.0 0.0 0.0 0.0 0.0 0.0 0.0 0.0 0.0 0.0 0.0 0.0 0.0 0.0 0.0 0.0 0.0 0.0 0.0 0.0 0.0 0.0 0.0 0.0 0.0 0.0 0.0 0.0 0.0 0.0 0.0 0.0 0.0 0.0 0.0 0.0 0.0 0.0 0.0 0.0 0.0 0.0 0.0 0.0 0.0 0.0 0.0 0.0 0.0 0.0 0.0 0.0 0.0 0.0 0.0 0.0 0.0 0.0 0.0 0.0 0.0 0.0 0.0 0.0 0.0 0.0 0.0 0.0 0.0 0.0 0.0 0.0 0.0 0.0 0.0 0.0 0.0 0.0 0.0 0.0 0.0 0.0 0.0 0.0 0.0 0.0 0.0 0.0 0.0 0.0 0.0 0.0 0.0 0.0 0.0 0.0 0.0 0.0 0.0 0.0 0.0 0.0 0.0 0.0 0.0 0.0 0.0 0.0 0.0 0.0 0.0 0.0 0.0
0.0 0.0 0.0 0.0 0.0 0.0 0.0 0.0 0.0 0.0 0.0 0.0 0.0 0.0 0.0 0.0 0.0 0.0 0.0 0.0 0.0 0.0 0.0 0.0 0.0 0.0 0.0 0.0 0.0 0.0 0.0 0.0 0.0 0.0 0.0 0.0 0.0 0.0 0.0 0.0 0.0 0.0 0.0 0.0 0.0 0.0 0.0 0.0 0.0 0.0 0.0 0.0 0.0 0.0 0.0 0.0 0.0 0.0 0.0 0.0 0.0 0.0 0.0 0.0 0.0 0.0 0.0 0.0 0.0 0.0 0.0 0.0 0.0 0.0 0.0 0.0 0.0 0.0 0.0 0.0 0.0 0.0 0.0 0.0 0.0 0.0 0.0 0.0 0.0 0.0 0.0 0.0 0.0 0.0 0.0 0.0 0.0 0.0 0.0 0.0 0.0 0.0 0.0 0.0 0.0 0.0 0.0 0.0 0.0 0.0 0.0 0.0 0.0 0.0 0.0 0.0 0.0 0.0 0.0 0.0 0.0 0.0 0.0 0.0 0.0 0.0 0.0 0.0
0.0 0.0 0.0 0.0 0.0 0.0 0.0 0.0 0.0 0.0 0.0 0.0 0.0 0.0 0.0 0.0 0.0 0.0 0.0 0.0 0.0 0.0 0.0 0.0 0.0 0.0 0.0 0.0 0.0 0.0 0.0 0.0 0.0 0.0 0.0 0.0 0.0 0.0 0.0 0.0 0.0 0.0 0.0 0.0 0.0 0.0 0.0 0.0 0.0 0.0 0.0 0.0 0.0 0.0 0.0 0.0 0.0 0.0 0.0 0.0 0.0 0.0 0.0 0.0 0.0 0.0 0.0 0.0 0.0 0.0 0.0 0.0 0.0 0.0 0.0 0.0 0.0 0.0 0.0 0.0 0.0 0.0 0.0 0.0 0.0 0.0 0.0 0.0 0.0 0.0 0.0 0.0 0.0 0.0 0.0 0.0 0.0 0.0 0.0 0.0 0.0 0.0 0.0 0.0 0.0 0.0 0.0 0.0 0.0 0.0 0.0 0.0 0.0 0.0 0.0 0.0 0.0 0.0 0.0 0.0 0.0 0.0 0.0 0.0 0.0 0.0 0.0 0.0
0.0 0.0 0.0 0.0 0.0 0.0 0.0 0.0 0.0 0.0 0.0 0.0 0.0 0.0 0.0 0.0 0.0 0.0 0.0 0.0 0.0 0.0 0.0 0.0 0.0 0.0 0.0 0.0 0.0 0.0 0.0 0.0 0.0 0.0 0.0 0.0 0.0 0.0 0.0 0.0 0.0 0.0 0.0 0.0 0.0 0.0 0.0 0.0 0.0 0.0 0.0 0.0 0.0 0.0 0.0 0.0 0.0 0.0 0.0 0.0 0.0 0.0 0.0 0.0 0.0 0.0 0.0 0.0 0.0 0.0 0.0 0.0 0.0 0.0 0.0 0.0 0.0 0.0 0.0 0.0 0.0 0.0 0.0 0.0 0.0 0.0 0.0 0.0 0.0 0.0 0.0 0.0 0.0 0.0 0.0 0.0 0.0 0.0 0.0 0.0 0.0 0.0 0.0 0.0 0.0 0.0 0.0 0.0 0.0 0.0 0.0 0.0 0.0 0.0 0.0 0.0 0.0 0.0 0.0 0.0 0.0 0.0 0.0 0.0 0.0 0.0 0.0 0.0
0.0 0.0 0.0 0.0 0.0 0.0 0.0 0.0 0.0 0.0 0.0 0.0 0.0 0.0 0.0 0.0 0.0 0.0 0.0 0.0 0.0 0.0 0.0 0.0 0.0 0.0 0.0 0.0 0.0 0.0 0.0 0.0 0.0 0.0 0.0 0.0 0.0 0.0 0.0 0.0 0.0 0.0 0.0 0.0 0.0 0.0 0.0 0.0 0.0 0.0 0.0 0.0 0.0 0.0 0.0 0.0 0.0 0.0 0.0 0.0 0.0 0.0 0.0 0.0 0.0 0.0 0.0 0.0 0.0 0.0 0.0 0.0 0.0 0.0 0.0 0.0 0.0 0.0 0.0 0.0 0.0 0.0 0.0 0.0 0.0 0.0 0.0 0.0 0.0 0.0 0.0 0.0 0.0 0.0 0.0 0.0 0.0 0.0 0.0 0.0 0.0 0.0 0.0 0.0 0.0 0.0 0.0 0.0 0.0 0.0 0.0 0.0 0.0 0.0 0.0 0.0 0.0 0.0 0.0 0.0 0.0 0.0 0.0 0.0 0.0 0.0 0.0 0.0
0.0 0.0 0.0 0.0 0.0 0.0 0.0 0.0 0.0 0.0 0.0 0.0 0.0 0.0 0.0 0.0 0.0 0.0 0.0 0.0 0.0 0.0 0.0 0.0 0.0 0.0 0.0 0.0 0.0 0.0 0.0 0.0 0.0 0.0 0.0 0.0 0.0 0.0 0.0 0.0 0.0 0.0 0.0 0.0 0.0 0.0 0.0 0.0 0.0 0.0 0.0 0.0 0.0 0.0 0.0 0.0 0.0 0.0 0.0 0.0 0.0 0.0 0.0 0.0 0.0 0.0 0.0 0.0 0.0 0.0 0.0 0.0 0.0 0.0 0.0 0.0 0.0 0.0 0.0 0.0 0.0 0.0 0.0 0.0 0.0 0.0 0.0 0.0 0.0 0.0 0.0 0.0 0.0 0.0 0.0 0.0 0.0 0.0 0.0 0.0 0.0 0.0 0.0 0.0 0.0 0.0 0.0 0.0 0.0 0.0 0.0 0.0 0.0 0.0 0.0 0.0 0.0 0.0 0.0 0.0 0.0 0.0 0.0 0.0 0.0 0.0 0.0 0.0
0.0 0.0 0.0 0.0 0.0 0.0 0.0 0.0 0.0 0.0 0.0 0.0 0.0 0.0 0.0 0.0 0.0 0.0 0.0 0.0 0.0 0.0 0.0 0.0 0.0 0.0 0.0 0.0 0.0 0.0 0.0 0.0 0.0 0.0 0.0 0.0 0.0 0.0 0.0 0.0 0.0 0.0 0.0 0.0 0.0 0.0 0.0 0.0 0.0 0.0 0.0 0.0 0.0 0.0 0.0 0.0 0.0 0.0 0.0 0.0 0.0 0.0 0.0 0.0 0.0 0.0 0.0 0.0 0.0 0.0 0.0 0.0 0.0 0.0 0.0 0.0 0.0 0.0 0.0 0.0 0.0 0.0 0.0 0.0 0.0 0.0 0.0 0.0 0.0 0.0 0.0 0.0 0.0 0.0 0.0 0.0 0.0 0.0 0.0 0.0 0.0 0.0 0.0 0.0 0.0 0.0 0.0 0.0 0.0 0.0 0.0 0.0 0.0 0.0 0.0 0.0 0.0 0.0 0.0 0.0 0.0 0.0 0.0 0.0 0.0 0.0 0.0 0.0
0.0 0.0 0.0 0.0 0.0 0.0 0.0 0.0 0.0 0.0 0.0 0.0 0.0 0.0 0.0 0.0 0.0 0.0 0.0 0.0 0.0 0.0 0.0 0.0 0.0 0.0 0.0 0.0 0.0 0.0 0.0 0.0 0.0 0.0 0.0 0.0 0.0 0.0 0.0 0.0 0.0 0.0 0.0 0.0 0.0 0.0 0.0 0.0 0.0 0.0 0.0 0.0 0.0 0.0 0.0 0.0 0.0 0.0 0.0 0.0 0.0 0.0 0.0 0.0 0.0 0.0 0.0 0.0 0.0 0.0 0.0 0.0 0.0 0.0 0.0 0.0 0.0 0.0 0.0 0.0 0.0 0.0 0.0 0.0 0.0 0.0 0.0 0.0 0.0 0.0 0.0 0.0 0.0 0.0 0.0 0.0 0.0 0.0 0.0 0.0 0.0 0.0 0.0 0.0 0.0 0.0 0.0 0.0 0.0 0.0 0.0 0.0 0.0 0.0 0.0 0.0 0.0 0.0 0.0 0.0 0.0 0.0 0.0 0.0 0.0 0.0 0.0 0.0
0.0 0.0 0.0 0.0 0.0 0.0 0.0 0.0 0.0 0.0 0.0 0.0 0.0 0.0 0.0 0.0 0.0 0.0 0.0 0.0 0.0 0.0 0.0 0.0 0.0 0.0 0.0 0.0 0.0 0.0 0.0 0.0 0.0 0.0 0.0 0.0 0.0 0.0 0.0 0.0 0.0 0.0 0.0 0.0 0.0 0.0 0.0 0.0 0.0 0.0 0.0 0.0 0.0 0.0 0.0 0.0 0.0 0.0 0.0 0.0 0.0 0.0 0.0 0.0 0.0 0.0 0.0 0.0 0.0 0.0 0.0 0.0 0.0 0.0 0.0 0.0 0.0 0.0 0.0 0.0 0.0 0.0 0.0 0.0 0.0 0.0 0.0 0.0 0.0 0.0 0.0 0.0 0.0 0.0 0.0 0.0 0.0 0.0 0.0 0.0 0.0 0.0 0.0 0.0 0.0 0.0 0.0 0.0 0.0 0.0 0.0 0.0 0.0 0.0 0.0 0.0 0.0 0.0 0.0 0.0 0.0 0.0 0.0 0.0 0.0 0.0 0.0 0.0
0.0 0.0 0.0 0.0 0.0 0.0 0.0 0.0 0.0 0.0 0.0 0.0 0.0 0.0 0.0 0.0 0.0 0.0 0.0 0.0 0.0 0.0 0.0 0.0 0.0 0.0 0.0 0.0 0.0 0.0 0.0 0.0 0.0 0.0 0.0 0.0 0.0 0.0 0.0 0.0 0.0 0.0 0.0 0.0 0.0 0.0 0.0 0.0 0.0 0.0 0.0 0.0 0.0 0.0 0.0 0.0 0.0 0.0 0.0 0.0 0.0 0.0 0.0 0.0 0.0 0.0 0.0 0.0 0.0 0.0 0.0 0.0 0.0 0.0 0.0 0.0 0.0 0.0 0.0 0.0 0.0 0.0 0.0 0.0 0.0 0.0 0.0 0.0 0.0 0.0 0.0 0.0 0.0 0.0 0.0 0.0 0.0 0.0 0.0 0.0 0.0 0.0 0.0 0.0 0.0 0.0 0.0 0.0 0.0 0.0 0.0 0.0 0.0 0.0 0.0 0.0 0.0 0.0 0.0 0.0 0.0 0.0 0.0 0.0 0.0 0.0 0.0 0.0
0.0 0.0 0.0 0.0 0.0 0.0 0.0 0.0 0.0 0.0 0.0 0.0 0.0 0.0 0.0 0.0 0.0 0.0 0.0 0.0 0.0 0.0 0.0 0.0 0.0 0.0 0.0 0.0 0.0 0.0 0.0 0.0 0.0 0.0 0.0 0.0 0.0 0.0 0.0 0.0 0.0 0.0 0.0 0.0 0.0 0.0 0.0 0.0 0.0 0.0 0.0 0.0 0.0 0.0 0.0 0.0 0.0 0.0 0.0 0.0 0.0 0.0 0.0 0.0 0.0 0.0 0.0 0.0 0.0 0.0 0.0 0.0 0.0 0.0 0.0 0.0 0.0 0.0 0.0 0.0 0.0 0.0 0.0 0.0 0.0 0.0 0.0 0.0 0.0 0.0 0.0 0.0 0.0 0.0 0.0 0.0 0.0 0.0 0.0 0.0 0.0 0.0 0.0 0.0 0.0 0.0 0.0 0.0 0.0 0.0 0.0 0.0 0.0 0.0 0.0 0.0 0.0 0.0 0.0 0.0 0.0 0.0 0.0 0.0 0.0 0.0 0.0 0.0
0.0 0.0 0.0 0.0 0.0 0.0 0.0 0.0 0.0 0.0 0.0 0.0 0.0 0.0 0.0 0.0 0.0 0.0 0.0 0.0 0.0 0.0 0.0 0.0 0.0 0.0 0.0 0.0 0.0 0.0 0.0 0.0 0.0 0.0 0.0 0.0 0.0 0.0 0.0 0.0 0.0 0.0 0.0 0.0 0.0 0.0 0.0 0.0 0.0 0.0 0.0 0.0 0.0 0.0 0.0 0.0 0.0 0.0 0.0 0.0 0.0 0.0 0.0 0.0 0.0 0.0 0.0 0.0 0.0 0.0 0.0 0.0 0.0 0.0 0.0 0.0 0.0 0.0 0.0 0.0 0.0 0.0 0.0 0.0 0.0 0.0 0.0 0.0 0.0 0.0 0.0 0.0 0.0 0.0 0.0 0.0 0.0 0.0 0.0 0.0 0.0 0.0 0.0 0.0 0.0 0.0 0.0 0.0 0.0 0.0 0.0 0.0 0.0 0.0 0.0 0.0 0.0 0.0 0.0 0.0 0.0 0.0 0.0 0.0 0.0 0.0 0.0 0.0
0.0 0.0 0.0 0.0 0.0 0.0 0.0 0.0 0.0 0.0 0.0 0.0 0.0 0.0 0.0 0.0 0.0 0.0 0.0 0.0 0.0 0.0 0.0 0.0 0.0 0.0 0.0 0.0 0.0 0.0 0.0 0.0 0.0 0.0 0.0 0.0 0.0 0.0 0.0 0.0 0.0 0.0 0.0 0.0 0.0 0.0 0.0 0.0 0.0 0.0 0.0 0.0 0.0 0.0 0.0 0.0 0.0 0.0 0.0 0.0 0.0 0.0 0.0 0.0 0.0 0.0 0.0 0.0 0.0 0.0 0.0 0.0 0.0 0.0 0.0 0.0 0.0 0.0 0.0 0.0 0.0 0.0 0.0 0.0 0.0 0.0 0.0 0.0 0.0 0.0 0.0 0.0 0.0 0.0 0.0 0.0 0.0 0.0 0.0 0.0 0.0 0.0 0.0 0.0 0.0 0.0 0.0 0.0 0.0 0.0 0.0 0.0 0.0 0.0 0.0 0.0 0.0 0.0 0.0 0.0 0.0 0.0 0.0 0.0 0.0 0.0 0.0 0.0
0.0 0.0 0.0 0.0 0.0 0.0 0.0 0.0 0.0 0.0 0.0 0.0 0.0 0.0 0.0 0.0 0.0 0.0 0.0 0.0 0.0 0.0 0.0 0.0 0.0 0.0 0.0 0.0 0.0 0.0 0.0 0.0 0.0 0.0 0.0 0.0 0.0 0.0 0.0 0.0 0.0 0.0 0.0 0.0 0.0 0.0 0.0 0.0 0.0 0.0 0.0 0.0 0.0 0.0 0.0 0.0 0.0 0.0 0.0 0.0 0.0 0.0 0.0 0.0 0.0 0.0 0.0 0.0 0.0 0.0 0.0 0.0 0.0 0.0 0.0 0.0 0.0 0.0 0.0 0.0 0.0 0.0 0.0 0.0 0.0 0.0 0.0 0.0 0.0 0.0 0.0 0.0 0.0 0.0 0.0 0.0 0.0 0.0 0.0 0.0 0.0 0.0 0.0 0.0 0.0 0.0 0.0 0.0 0.0 0.0 0.0 0.0 0.0 0.0 0.0 0.0 0.0 0.0 0.0 0.0 0.0 0.0 0.0 0.0 0.0 0.0 0.0 0.0
0.0 0.0 0.0 0.0 0.0 0.0 0.0 0.0 0.0 0.0 0.0 0.0 0.0 0.0 0.0 0.0 0.0 0.0 0.0 0.0 0.0 0.0 0.0 0.0 0.0 0.0 0.0 0.0 0.0 0.0 0.0 0.0 0.0 0.0 0.0 0.0 0.0 0.0 0.0 0.0 0.0 0.0 0.0 0.0 0.0 0.0 0.0 0.0 0.0 0.0 0.0 0.0 0.0 0.0 0.0 0.0 0.0 0.0 0.0 0.0 0.0 0.0 0.0 0.0 0.0 0.0 0.0 0.0 0.0 0.0 0.0 0.0 0.0 0.0 0.0 0.0 0.0 0.0 0.0 0.0 0.0 0.0 0.0 0.0 0.0 0.0 0.0 0.0 0.0 0.0 0.0 0.0 0.0 0.0 0.0 0.0 0.0 0.0 0.0 0.0 0.0 0.0 0.0 0.0 0.0 0.0 0.0 0.0 0.0 0.0 0.0 0.0 0.0 0.0 0.0 0.0 0.0 0.0 0.0 0.0 0.0 0.0 0.0 0.0 0.0 0.0 0.0 0.0
0.0 0.0 0.0 0.0 0.0 0.0 0.0 0.0 0.0 0.0 0.0 0.0 0.0 0.0 0.0 0.0 0.0 0.0 0.0 0.0 0.0 0.0 0.0 0.0 0.0 0.0 0.0 0.0 0.0 0.0 0.0 0.0 0.0 0.0 0.0 0.0 0.0 0.0 0.0 0.0 0.0 0.0 0.0 0.0 0.0 0.0 0.0 0.0 0.0 0.0 0.0 0.0 0.0 0.0 0.0 0.0 0.0 0.0 0.0 0.0 0.0 0.0 0.0 0.0 0.0 0.0 0.0 0.0 0.0 0.0 0.0 0.0 0.0 0.0 0.0 0.0 0.0 0.0 0.0 0.0 0.0 0.0 0.0 0.0 0.0 0.0 0.0 0.0 0.0 0.0 0.0 0.0 0.0 0.0 0.0 0.0 0.0 0.0 0.0 0.0 0.0 0.0 0.0 0.0 0.0 0.0 0.0 0.0 0.0 0.0 0.0 0.0 0.0 0.0 0.0 0.0 0.0 0.0 0.0 0.0 0.0 0.0 0.0 0.0 0.0 0.0 0.0 0.0
0.0 0.0 0.0 0.0 0.0 0.0 0.0 0.0 0.0 0.0 0.0 0.0 0.0 0.0 0.0 0.0 0.0 0.0 0.0 0.0 0.0 0.0 0.0 0.0 0.0 0.0 0.0 0.0 0.0 0.0 0.0 0.0 0.0 0.0 0.0 0.0 0.0 0.0 0.0 0.0 0.0 0.0 0.0 0.0 0.0 0.0 0.0 0.0 0.0 0.0 0.0 0.0 0.0 0.0 0.0 0.0 0.0 0.0 0.0 0.0 0.0 0.0 0.0 0.0 0.0 0.0 0.0 0.0 0.0 0.0 0.0 0.0 0.0 0.0 0.0 0.0 0.0 0.0 0.0 0.0 0.0 0.0 0.0 0.0 0.0 0.0 0.0 0.0 0.0 0.0 0.0 0.0 0.0 0.0 0.0 0.0 0.0 0.0 0.0 0.0 0.0 0.0 0.0 0.0 0.0 0.0 0.0 0.0 0.0 0.0 0.0 0.0 0.0 0.0 0.0 0.0 0.0 0.0 0.0 0.0 0.0 0.0 0.0 0.0 0.0 0.0 0.0 0.0
0.0 0.0 0.0 0.0 0.0 0.0 0.0 0.0 0.0 0.0 0.0 0.0 0.0 0.0 0.0 0.0 0.0 0.0 0.0 0.0 0.0 0.0 0.0 0.0 0.0 0.0 0.0 0.0 0.0 0.0 0.0 0.0 0.0 0.0 0.0 0.0 0.0 0.0 0.0 0.0 0.0 0.0 0.0 0.0 0.0 0.0 0.0 0.0 0.0 0.0 0.0 0.0 0.0 0.0 0.0 0.0 0.0 0.0 0.0 0.0 0.0 0.0 0.0 0.0 0.0 0.0 0.0 0.0 0.0 0.0 0.0 0.0 0.0 0.0 0.0 0.0 0.0 0.0 0.0 0.0 0.0 0.0 0.0 0.0 0.0 0.0 0.0 0.0 0.0 0.0 0.0 0.0 0.0 0.0 0.0 0.0 0.0 0.0 0.0 0.0 0.0 0.0 0.0 0.0 0.0 0.0 0.0 0.0 0.0 0.0 0.0 0.0 0.0 0.0 0.0 0.0 0.0 0.0 0.0 0.0 0.0 0.0 0.0 0.0 0.0 0.0 0.0 0.0
